62
100
100 100
100 100 100
100 100 100 100
100 100 100 100 3
100 100 100 100 100 100
100 100 100 100 100 100 100
100 100 100 100 100 100 100 100
100 1 100 100 100 0 100 100 100
100 100 100 100 0 100 100 100 100 100
100 100 100 100 100 100 100 100 100 100 100
100 100 100 100 100 100 100 100 100 100 100 100
100 100 100 100 100 100 0 100 100 0 100 100 100
100 100 100 100 100 100 100 100 100 100 0 100 100 100
100 100 100 0 100 100 100 100 100 100 100 100 100 100 100
100 100 100 100 100 100 100 100 100 0 100 100 0 100 100 100
100 100 0 100 100 100 100 100 100 100 100 100 100 0 100 100 100
100 100 100 100 100 100 100 100 100 100 100 100 100 100 100 100 -1 100
100 100 100 100 100 100 100 100 100 100 100 100 100 100 100 0 100 100 100
100 100 0 100 100 100 100 100 100 100 100 100 100 100 100 100 100 100 100 100
-19 100 100 100 100 100 0 100 100 100 100 100 100 100 100 100 100 100 100 100 100
100 100 100 100 100 100 0 100 0 100 100 100 100 100 100 100 100 100 100 100 100 100
100 100 100 100 100 100 100 100 100 100 100 100 0 100 100 100 100 100 0 100 100 100 100
-22 100 100 100 100 0 100 100 0 100 100 0 100 100 100 100 100 100 100 100 100 100 100 100
-23 100 100 100 100 100 100 100 100 100 100 100 100 100 0 100 100 0 100 0 100 100 0 100 100
100 100 0 100 100 100 100 0 100 100 100 100 100 100 100 100 100 100 100 100 100 100 100 0 100 100
100 100 100 0 100 100 100 100 100 100 100 100 100 100 100 100 100 100 0 0 100 100 100 100 100 100 100
100 100 100 100 100 100 100 100 0 100 100 100 100 100 100 100 100 100 100 100 100 100 0 100 100 100 100 100
100 100 100 100 0 100 100 0 100 100 100 100 100 0 100 100 100 100 0 100 100 100 100 100 100 100 100 100 100
100 100 100 100 100 100 0 0 100 100 0 100 100 100 100 100 100 100 100 100 100 100 100 100 100 100 0 100 100 28
100 1 100 100 100 100 100 100 100 100 100 100 100 100 100 100 100 100 100 100 0 100 100 100 100 100 100 100 100 100 100
100 1 100 100 100 100 100 100 0 100 100 100 100 100 100 100 100 100 100 0 100 100 100 100 100 100 100 0 0 100 -1 100
100 100 100 100 100 100 100 100 100 100 100 100 100 0 100 100 100 100 100 100 100 100 100 100 100 100 100 100 100 100 100 100 100
100 100 100 100 100 100 100 0 100 100 100 100 100 100 100 100 100 100 0 0 100 100 0 100 100 100 0 100 100 100 100 100 100 100
100 100 100 100 100 100 100 100 100 100 0 100 100 100 100 100 0 100 100 100 100 100 100 100 100 100 100 100 100 0 100 100 100 100 100
100 100 100 100 100 100 100 100 100 100 100 100 100 100 100 100 100 100 100 100 100 100 100 0 100 100 100 100 100 0 100 100 100 100 100 100
100 1 100 100 100 0 100 0 100 100 0 100 100 100 0 100 100 100 100 100 100 100 100 0 100 100 100 100 100 100 100 100 100 100 100 100 100
100 100 100 100 100 100 100 100 100 100 100 100 100 100 100 100 100 100 100 0 100 0 100 100 100 100 100 100 100 100 0 0 100 100 100 100 100 100
100 1 100 100 100 100 0 100 0 0 100 100 100 100 100 100 100 100 0 100 100 100 100 0 0 0 100 100 100 0 100 100 100 100 100 100 100 100 100
100 100 100 100 100 100 100 100 100 100 100 100 100 100 100 100 100 100 100 0 100 100 0 100 100 100 100 100 100 100 100 100 100 100 100 0 100 100 100 100
100 100 100 0 100 100 100 100 100 100 0 100 100 100 0 100 100 100 100 100 100 100 100 0 100 100 100 100 100 100 100 100 100 100 100 100 100 100 100 100 100
100 100 100 100 0 100 100 100 100 100 100 100 0 100 100 0 100 100 100 100 100 100 100 100 100 100 100 100 100 100 100 100 100 100 100 100 100 100 100 100 100 100
100 1 100 100 100 100 100 100 100 0 100 100 100 100 0 100 100 100 100 100 100 100 100 100 100 100 0 100 100 100 100 100 100 100 100 100 100 100 100 100 0 100 100
100 100 100 100 0 100 100 100 100 100 100 100 100 100 100 100 100 100 100 100 100 100 100 100 100 100 100 100 100 100 100 100 100 100 100 100 100 100 100 100 100 100 100 100
100 1 100 100 100 100 100 100 100 0 100 100 100 0 0 100 100 100 100 100 100 100 100 100 100 0 100 100 100 100 0 100 100 100 100 100 100 100 100 100 100 100 100 100 100
100 100 100 100 100 100 100 100 100 100 100 0 100 100 100 100 100 100 100 100 100 100 100 100 100 100 100 100 100 100 100 100 0 100 0 100 100 100 100 100 100 0 100 100 100 44
100 100 100 100 100 100 100 100 100 0 100 100 100 100 100 100 100 100 100 100 100 100 100 100 100 100 100 100 0 100 100 0 100 100 100 100 100 100 100 100 100 100 0 100 100 -1 100
100 100 100 100 100 100 0 100 100 100 0 100 100 100 100 100 100 100 100 100 100 100 100 100 100 100 100 100 100 100 100 100 100 0 0 100 100 100 100 100 100 100 100 100 100 100 100 100
100 100 100 0 100 100 0 100 100 100 100 100 100 100 100 100 100 100 100 100 100 100 100 100 100 100 100 100 100 100 0 0 100 100 100 100 100 100 100 100 100 100 100 100 100 100 100 -1 47
100 1 0 100 100 100 100 100 100 100 100 100 100 0 100 0 100 100 100 100 100 100 100 100 100 100 100 100 100 100 100 0 100 0 0 100 100 100 100 100 100 100 100 100 100 100 100 100 100 100
100 100 100 100 100 100 100 100 0 0 100 0 100 100 100 100 0 100 100 0 100 100 100 100 100 100 100 100 100 100 100 100 100 100 100 100 100 100 100 100 100 100 100 100 100 100 100 0 100 100 100
100 100 0 100 100 100 100 100 100 100 0 100 100 100 100 100 100 100 100 100 100 100 0 100 100 100 100 100 100 100 100 100 100 100 0 100 0 100 100 100 100 100 100 100 100 100 100 100 100 100 100 100
100 100 0 100 100 100 100 100 100 0 100 100 100 100 100 100 100 100 100 100 100 100 100 100 100 100 100 100 100 100 100 100 100 100 100 100 100 100 100 100 0 100 100 100 100 100 100 100 100 100 0 100 100
100 100 0 100 100 100 100 100 100 100 100 100 100 100 100 100 100 100 100 100 0 100 100 100 100 100 100 100 100 100 100 100 100 100 100 100 100 100 100 100 100 100 100 100 100 100 100 100 100 100 100 100 100 100
100 100 100 100 100 100 100 100 0 100 100 100 100 100 100 100 100 100 100 100 100 100 100 100 100 100 0 100 100 100 100 100 100 100 100 100 0 0 100 0 100 100 100 100 100 100 100 100 100 100 100 100 100 100 100
100 100 100 100 100 0 100 100 100 100 100 100 100 100 100 100 100 100 100 0 100 100 100 0 100 100 100 100 100 100 100 0 100 0 100 0 100 100 100 100 100 100 100 100 100 100 100 100 100 100 100 100 100 100 -1 100
100 100 100 100 100 100 100 100 100 100 100 100 100 0 100 100 100 100 100 100 100 100 100 100 100 100 100 100 100 100 100 0 100 100 0 100 100 100 100 100 100 100 100 100 100 100 100 100 100 100 0 100 100 100 100 100 100
-56 100 100 100 100 100 100 100 0 100 100 100 100 100 100 100 100 100 100 100 100 100 100 100 0 100 100 100 100 100 100 100 100 100 100 100 100 100 100 100 100 100 100 100 100 100 0 0 0 100 100 100 0 100 100 100 100 100
100 100 100 100 100 100 100 100 0 100 100 100 100 100 100 100 100 100 100 100 100 100 100 100 100 100 100 100 100 100 100 100 100 100 100 100 100 100 0 100 100 100 100 100 100 100 0 100 100 100 100 100 0 100 100 100 100 100 100
100 100 100 100 100 100 100 100 100 100 100 100 0 100 100 100 100 100 0 100 100 100 100 100 100 100 100 100 100 100 100 100 100 100 100 100 100 100 100 100 100 100 100 100 100 100 100 100 100 100 100 100 100 0 100 100 100 100 100 100
100 100 100 100 100 100 100 100 100 100 100 100 100 100 100 100 100 100 100 100 100 0 0 100 100 100 100 100 100 100 100 100 100 100 100 100 100 100 100 0 100 0 100 100 100 100 100 100 100 100 100 100 100 100 100 100 100 100 100 100 100
100 100 100 100 100 100 100 100 100 100 100 100 100 100 31 100 100 100 100 100 31 100 100 100 100 100 31 100 100 100 100 100 100 100 100 -31 100 100 100 100 100 100 100 100 100 100 31 100 31 100 100 100 100 100 100 100 100 100 100 100 100 100
