92
100
100 100
100 100 100
100 100 100 100
100 100 100 100 100
100 100 100 100 100 100
100 100 100 100 100 100 100
100 100 100 100 0 100 100 100
100 100 0 100 100 100 0 100 100
100 100 100 100 100 0 100 100 100 100
100 100 100 0 100 100 100 100 100 -1 100
100 100 100 100 100 100 100 100 100 100 -1 100
100 100 0 100 100 100 100 100 100 100 100 100 100
100 100 100 100 100 100 100 100 100 100 100 100 100 12
100 100 100 100 100 100 100 100 100 100 0 0 100 100 100
100 100 100 100 100 100 100 100 100 100 100 100 100 100 100 100
100 100 100 100 100 100 100 100 100 100 100 100 100 100 100 100 100
100 100 100 0 100 100 100 100 100 100 100 100 100 100 100 100 100 100
100 1 100 100 100 100 100 100 100 0 100 100 100 100 100 100 100 -1 17
100 100 100 100 100 100 100 100 100 100 100 100 100 100 100 100 100 100 100 100
100 100 100 100 100 100 100 100 100 100 100 100 100 100 100 100 100 100 100 100 19
100 100 100 100 100 100 100 100 100 100 100 100 100 100 100 100 100 100 0 100 100 100
-21 100 100 100 100 100 100 100 100 100 100 100 100 100 100 100 100 100 100 100 100 100 100
100 100 100 100 100 100 100 100 100 100 100 100 100 100 100 0 100 100 100 100 100 100 100 100
100 1 100 0 100 100 100 100 100 100 100 100 100 100 100 100 100 100 0 0 100 100 100 -1 23
100 100 100 100 100 100 100 100 100 100 100 100 100 100 100 100 100 100 100 100 100 100 100 100 100 100
100 100 100 100 100 100 100 100 0 100 100 100 100 100 100 100 100 100 100 100 100 100 100 100 100 100 100
-26 100 100 0 100 100 100 100 0 100 100 100 100 100 100 100 100 100 100 100 100 100 100 100 100 100 100 100
100 100 100 100 100 100 100 100 100 100 100 100 100 100 100 100 100 100 100 0 100 100 100 100 100 100 0 -1 100
100 100 0 100 100 100 100 100 100 100 0 100 100 100 100 100 100 100 100 100 0 100 100 0 100 100 100 100 100 100
100 100 100 100 100 0 100 100 100 100 100 100 100 100 100 100 100 100 100 100 100 100 0 100 100 100 100 100 100 100 29
100 100 100 100 100 100 100 100 100 100 100 100 100 100 100 100 100 100 100 100 100 100 100 100 100 100 100 100 100 100 100 100
100 100 100 100 100 100 100 100 100 0 100 100 100 100 100 100 100 100 100 100 100 100 100 100 100 100 100 100 100 100 100 100 100
100 100 100 100 100 100 100 100 100 100 100 100 100 100 100 100 0 100 100 100 0 100 100 0 100 100 100 100 100 100 100 100 100 100
-33 100 100 100 100 100 100 100 100 100 100 100 100 100 100 100 100 100 100 100 100 100 100 100 100 100 100 100 0 100 100 0 100 100 100
-34 100 100 100 100 100 100 100 100 100 100 100 100 100 100 100 100 100 100 100 0 100 100 0 100 0 100 100 100 100 100 100 100 100 100 100
100 100 100 100 100 100 100 100 100 100 100 0 100 100 100 100 100 100 100 100 100 100 100 100 0 100 100 100 100 100 100 100 100 100 100 100 35
100 100 100 100 100 100 100 100 100 100 0 0 100 100 100 100 100 100 100 100 100 0 100 100 100 100 100 100 100 100 100 100 0 0 100 100 100 100
100 100 100 100 100 100 100 100 100 100 100 100 100 100 100 100 0 100 100 100 100 100 100 100 100 100 100 100 100 100 0 100 100 100 100 100 100 100 100
100 100 100 100 100 0 100 100 100 100 0 100 100 100 100 100 100 0 100 100 100 100 100 100 0 100 100 100 100 100 100 100 100 100 100 100 100 100 100 100
100 100 100 100 100 100 100 100 100 100 100 100 100 100 0 100 100 100 100 100 0 100 100 100 100 100 100 100 100 100 100 100 100 0 100 100 0 0 100 100 100
100 100 100 100 100 100 100 100 100 100 100 0 100 100 100 100 100 100 100 100 100 100 100 100 100 100 100 100 100 0 100 100 100 100 100 100 100 100 0 100 100 100
100 1 100 0 100 100 100 100 100 100 100 100 100 100 100 100 100 100 100 100 100 100 100 100 100 100 100 100 100 100 100 100 100 100 100 100 100 100 100 100 100 100 100
100 100 100 100 0 100 100 100 100 100 100 100 100 100 100 100 100 100 100 100 100 100 100 100 100 100 100 100 100 100 100 100 100 100 100 100 0 100 100 100 100 100 100 100
100 100 100 0 100 100 100 100 0 100 100 100 100 100 100 0 100 100 100 100 100 100 100 100 100 100 100 100 100 100 100 0 100 100 100 100 100 100 100 100 100 100 100 100 100
100 100 100 0 100 100 100 100 100 100 100 100 100 0 100 100 0 0 100 100 100 0 100 100 100 100 100 100 100 100 100 100 100 100 100 100 100 100 100 100 100 100 100 100 100 100
100 1 100 100 100 100 0 100 100 100 100 100 100 100 100 100 100 0 100 100 100 100 100 100 100 100 100 100 100 100 100 100 100 100 100 100 100 100 0 100 100 100 100 100 100 100 100
100 100 100 100 100 100 100 100 100 100 100 100 100 100 100 100 100 100 0 100 100 100 100 0 100 100 100 100 100 100 100 100 100 100 100 100 100 0 100 100 100 100 100 100 100 100 100 100
100 100 100 100 100 100 100 100 100 100 100 100 100 0 100 100 100 0 100 100 0 100 0 100 100 100 100 100 0 100 100 100 100 0 100 0 100 100 100 100 100 100 100 100 100 0 100 -1 100
100 100 100 100 100 100 100 100 100 100 100 100 100 100 100 100 100 100 100 100 100 100 100 100 100 100 100 100 100 100 0 100 100 100 100 0 0 100 100 100 0 0 100 100 100 100 100 100 100 100
100 100 100 100 100 100 100 100 100 0 100 100 100 0 100 100 100 100 100 100 100 100 100 100 100 100 100 0 100 100 100 100 100 100 100 100 100 100 100 100 100 100 100 100 100 100 100 100 100 -1 100
100 1 100 100 100 100 100 100 100 100 100 0 100 100 100 100 100 100 0 100 100 0 100 100 0 0 100 100 100 100 100 100 100 100 100 100 100 100 100 100 100 0 0 100 100 100 100 100 0 100 100 50
100 100 100 100 100 100 100 100 100 100 100 100 100 100 100 100 100 100 100 100 100 0 100 0 100 100 100 100 100 100 100 100 0 100 100 100 100 100 100 100 100 100 100 100 100 100 100 100 100 100 100 100 100
100 100 0 100 0 100 100 100 100 100 100 100 100 100 100 100 100 100 100 100 100 100 100 100 100 100 100 100 100 100 100 100 100 100 100 0 100 100 100 100 100 100 100 100 100 0 100 100 100 100 100 100 100 100
100 100 100 100 100 100 100 100 100 100 100 100 100 100 100 100 100 100 100 100 100 100 100 100 100 100 100 100 100 100 100 100 100 100 100 100 100 100 100 0 100 100 100 100 100 100 100 100 100 100 100 100 100 100 100
100 100 100 100 100 100 100 100 100 100 100 100 100 100 100 100 100 100 100 100 100 100 100 100 100 100 100 0 100 100 100 100 100 0 100 100 100 0 0 100 100 100 100 100 100 100 100 100 100 0 0 0 100 100 -1 54
100 100 100 100 100 100 100 100 100 100 100 100 100 100 100 100 100 100 100 100 100 100 100 100 100 100 100 0 100 100 0 100 100 100 100 100 100 100 100 100 100 0 100 100 100 100 100 100 100 100 0 100 0 100 100 100 100
100 100 100 100 100 100 100 100 100 100 100 100 100 0 100 100 100 100 100 100 100 100 0 100 100 100 100 100 100 100 100 100 100 100 100 100 100 100 100 100 100 100 100 100 100 100 100 100 100 0 100 100 100 100 100 100 100 57
100 100 100 100 100 100 100 100 100 100 100 100 100 100 100 100 100 100 0 100 100 100 100 100 100 100 100 100 100 100 100 100 100 0 100 100 100 100 100 100 100 100 0 100 100 100 100 100 100 100 100 100 100 100 100 100 0 -1 100
100 100 100 0 100 100 100 100 100 100 100 100 100 100 100 100 100 100 100 100 100 100 100 100 100 100 100 100 100 100 100 100 100 100 100 100 100 100 100 100 100 100 0 100 0 0 100 100 0 100 100 100 100 100 100 0 100 100 100 100
100 100 100 100 100 100 100 100 100 100 100 100 100 100 100 100 100 100 100 100 100 100 100 0 100 100 0 100 100 100 100 100 100 100 100 100 100 100 100 100 100 100 100 100 100 0 100 0 100 100 100 100 100 100 100 0 100 100 100 100 100
100 100 100 100 100 100 0 0 100 100 100 100 100 0 0 100 100 100 100 100 100 100 100 100 100 100 100 100 100 100 100 100 100 100 100 100 100 100 0 100 100 100 0 100 100 100 0 100 100 100 100 100 100 100 100 100 100 100 100 100 100 100
100 100 100 100 100 100 0 100 100 100 100 100 0 100 100 100 100 100 0 100 100 100 0 100 100 0 100 100 100 0 100 100 0 100 100 100 100 100 100 0 100 100 100 0 100 100 100 0 100 100 100 100 0 100 100 100 100 100 100 100 100 100 100
100 100 100 100 100 100 100 100 100 0 100 100 100 100 100 100 100 100 100 100 100 100 0 100 0 0 100 100 100 100 100 100 100 100 100 100 100 100 100 100 100 100 100 100 100 100 100 100 100 100 0 100 100 100 100 100 100 100 0 0 100 100 100 100
100 100 100 100 100 100 100 100 100 100 100 100 100 100 0 100 0 100 100 100 100 0 100 100 100 100 100 100 100 100 0 100 0 100 100 100 100 100 0 100 100 0 100 100 100 0 100 100 100 100 100 100 100 100 100 100 100 100 100 100 0 100 100 100 100
100 100 100 100 100 100 0 100 100 100 100 100 100 100 100 0 100 100 0 100 100 100 100 100 100 100 100 100 100 100 0 100 100 100 0 100 100 0 100 0 100 100 100 100 100 100 100 100 100 100 100 100 100 100 100 100 100 100 100 100 100 100 100 100 100 100
100 100 100 0 100 100 100 100 100 100 100 100 0 100 100 100 100 100 100 100 100 100 100 0 100 0 100 0 100 100 100 100 0 100 100 0 100 100 100 100 100 100 100 100 100 100 100 100 100 100 0 100 100 100 100 100 100 100 100 100 100 100 100 100 100 100 100
-66 100 100 0 100 100 100 0 100 100 100 100 100 100 100 100 0 100 100 0 100 100 100 100 100 100 100 100 100 100 100 100 100 100 0 0 100 100 100 100 100 100 100 100 100 100 100 100 100 100 100 100 100 0 100 100 100 100 100 100 100 100 100 100 100 100 100 66
100 100 100 100 100 100 100 100 100 0 100 100 100 100 100 100 100 100 100 100 100 100 100 100 100 100 100 100 100 100 0 100 100 0 100 100 100 100 100 100 100 100 100 100 100 100 100 100 100 100 100 100 100 100 100 100 100 100 100 100 0 100 100 100 0 100 0 100 100
100 100 100 100 100 100 0 100 100 100 0 100 100 100 100 100 100 100 0 100 0 100 100 100 100 100 0 100 100 100 100 100 100 100 100 100 100 100 100 100 100 100 100 100 100 100 100 100 0 100 100 100 100 100 100 100 100 100 100 100 0 100 100 100 100 100 100 100 100 100
100 100 100 100 100 100 100 100 100 100 100 100 100 100 100 100 100 100 100 100 100 100 100 100 100 100 100 100 0 0 100 100 100 100 100 100 100 100 100 100 100 100 0 100 100 100 100 100 0 100 100 100 100 100 100 100 100 100 0 100 100 0 100 100 100 100 0 100 100 100 100
100 100 100 100 100 100 100 100 0 100 100 0 100 100 100 100 100 100 100 100 100 100 100 100 100 100 100 100 100 100 100 100 100 100 0 100 100 100 100 0 100 100 100 0 100 100 100 100 100 100 100 100 100 100 100 100 100 100 0 100 100 100 100 100 100 100 100 0 100 100 100 100
100 100 100 100 100 0 100 100 0 100 100 100 100 100 100 100 100 0 100 100 100 100 100 100 100 100 100 0 100 100 100 100 100 100 100 100 100 100 100 100 0 100 100 100 0 100 100 100 100 100 100 100 100 0 0 100 100 100 100 100 0 100 100 100 100 100 100 100 100 100 100 100 71
100 100 100 100 100 100 100 100 0 100 100 100 100 100 100 0 100 100 100 100 100 100 100 100 100 100 100 100 100 0 100 100 100 100 100 100 100 100 0 100 100 100 100 100 100 100 0 100 100 100 100 100 100 100 100 100 100 100 100 100 100 100 100 100 100 100 100 100 100 100 100 0 100 100
100 100 100 0 100 100 100 0 100 0 100 0 100 100 100 100 100 100 100 100 100 100 0 100 100 100 100 100 0 100 100 100 100 100 100 100 100 100 100 100 100 100 100 100 0 100 100 100 100 100 100 100 0 100 100 100 100 100 100 100 100 100 100 100 100 100 100 100 100 0 100 100 100 100 73
100 100 100 100 100 100 0 100 100 100 100 0 100 100 0 100 100 100 100 0 100 100 100 100 100 100 100 100 100 100 0 100 100 100 100 100 100 100 100 100 100 100 100 100 100 100 100 100 100 100 100 100 100 100 100 100 100 100 100 100 100 100 100 100 100 100 100 100 100 100 100 100 0 100 100 100
100 100 100 100 100 100 100 100 100 100 100 100 100 100 0 100 100 0 100 100 100 100 100 100 100 100 0 100 100 100 100 0 100 100 100 100 0 100 100 100 100 100 100 100 100 100 100 100 100 100 100 100 100 100 100 100 100 100 100 100 100 100 100 100 100 100 100 0 100 100 100 100 100 100 100 100 100
100 100 100 100 100 100 100 100 100 100 100 100 100 100 100 100 100 100 100 0 0 100 100 100 0 100 100 100 100 100 0 100 100 100 100 100 100 100 100 100 100 100 100 100 100 0 100 0 100 100 100 100 100 100 100 100 100 100 100 100 100 0 100 100 100 100 100 100 100 100 100 100 100 100 100 100 100 100
100 100 100 100 0 100 100 100 100 100 100 100 100 100 100 100 100 100 100 100 100 100 100 100 100 100 100 100 100 100 100 100 100 100 100 100 100 100 100 100 100 0 100 100 100 100 100 100 100 100 100 100 100 100 100 100 100 100 100 100 100 100 100 100 100 100 100 100 100 100 100 0 100 100 100 100 0 100 100
100 100 100 100 100 100 100 100 100 100 100 100 100 100 0 100 100 100 100 100 100 100 100 100 100 100 100 100 100 100 100 100 100 100 100 100 100 100 100 100 0 100 100 0 0 100 100 100 100 100 100 100 100 100 100 100 100 100 100 0 0 100 100 100 100 100 0 100 100 100 100 100 100 100 100 100 0 100 100 100
-79 100 100 100 100 0 100 100 100 100 100 100 100 100 100 100 100 100 0 0 100 100 100 100 100 100 100 100 100 100 0 100 100 100 100 100 100 100 100 100 100 0 100 100 100 0 100 100 100 0 100 100 100 100 100 100 100 100 100 100 100 100 100 100 100 0 100 100 100 100 100 100 100 100 100 0 100 100 100 100 100
100 100 100 100 100 0 100 100 100 100 100 100 100 0 100 100 100 100 100 100 100 100 100 100 100 100 100 100 100 100 100 0 100 100 100 100 100 100 100 100 100 100 100 100 100 100 100 100 100 100 100 100 100 100 0 100 100 100 100 100 100 0 100 100 100 100 100 100 100 100 100 0 0 100 0 100 100 100 100 100 100 100
100 100 100 100 100 100 100 100 100 100 100 100 100 0 100 100 100 100 100 100 0 100 100 100 100 100 100 100 100 100 100 100 100 100 100 100 100 100 100 100 100 100 100 100 0 100 100 0 100 100 100 100 100 100 0 100 100 100 100 100 100 100 100 100 0 100 100 100 100 100 100 0 100 100 100 100 100 100 100 0 100 100 100
100 100 100 100 100 100 100 100 100 100 100 100 100 100 100 100 0 0 100 0 100 100 100 100 100 100 100 100 100 100 100 100 100 100 100 100 100 0 100 100 0 100 100 100 100 100 100 100 100 100 100 0 100 100 100 100 100 100 100 100 100 100 100 100 100 100 100 0 100 100 100 0 100 100 100 100 100 100 100 100 100 100 100 100
100 100 100 100 0 100 100 100 100 100 100 0 100 100 0 100 100 0 100 100 100 100 100 0 100 100 100 100 100 100 100 100 100 100 100 100 100 0 100 0 0 100 100 100 100 100 100 100 100 0 100 100 100 100 0 100 100 100 100 100 100 0 100 100 100 0 100 100 100 0 100 0 100 100 100 100 100 100 100 100 100 100 100 100 100
100 100 100 100 100 100 100 100 100 100 100 100 100 100 100 100 100 100 100 100 100 100 100 100 100 100 100 100 100 0 100 100 100 100 100 100 100 100 100 100 100 100 100 100 0 100 100 0 100 100 100 100 100 100 100 100 100 100 0 100 0 100 100 100 100 100 100 100 100 100 100 0 100 100 0 100 100 100 100 100 100 100 100 100 100 100
100 100 100 100 0 100 100 100 100 100 100 100 100 100 100 100 100 100 100 100 100 100 100 100 100 100 100 100 100 100 100 100 100 100 100 100 100 0 100 100 100 100 100 100 100 100 100 100 100 100 100 100 100 100 100 100 100 100 100 100 0 100 100 100 100 100 100 100 100 100 100 100 100 100 100 100 100 100 100 100 100 100 100 100 100 100 100
100 100 0 100 100 100 100 100 100 100 100 100 100 100 100 100 100 100 100 0 100 100 100 100 100 100 100 100 100 100 100 100 100 0 100 100 100 100 100 100 100 100 100 100 100 0 100 100 100 100 100 100 0 100 100 100 0 100 100 100 100 0 100 100 100 100 0 100 100 100 100 100 100 100 0 100 0 100 100 100 100 100 100 100 100 100 100 100
-87 100 100 100 100 100 100 100 100 0 100 100 100 100 100 100 100 100 100 100 100 100 100 0 100 100 0 0 100 100 100 100 0 100 100 100 100 100 100 100 100 100 100 100 100 100 100 100 100 100 0 100 100 100 100 100 100 100 100 100 0 0 100 100 100 0 0 100 100 100 0 100 100 100 100 100 100 100 100 100 100 100 100 100 100 100 100 100 100
100 100 100 0 100 100 100 100 100 100 100 100 100 100 100 100 100 100 0 100 100 100 100 100 100 100 100 100 100 100 100 100 100 100 100 100 100 100 100 100 100 100 100 100 0 100 0 100 100 100 100 100 100 100 100 100 100 0 100 100 100 100 100 100 100 100 100 100 0 100 100 100 100 100 100 100 0 100 100 100 100 100 100 100 100 100 100 100 100 88
-89 100 100 100 100 100 100 100 100 100 100 100 100 100 100 100 100 100 100 100 100 100 100 100 100 100 100 100 100 100 100 100 100 100 100 100 100 100 100 100 100 100 100 100 100 100 100 100 100 100 100 0 100 100 100 100 100 100 100 100 100 100 100 100 100 100 100 100 100 100 100 100 100 100 100 100 100 100 100 100 100 0 100 100 100 100 100 100 100 -1 100
-44 100 100 100 100 100 100 100 100 100 100 100 100 100 100 100 100 100 100 100 100 100 100 100 100 100 100 100 100 100 100 100 100 100 100 100 100 100 100 100 100 100 100 100 100 100 100 100 100 100 100 100 100 100 100 100 100 -46 100 100 100 100 100 100 100 100 100 100 100 -46 100 100 100 -46 100 100 100 100 100 -46 46 100 100 100 100 100 100 100 100 100 100 100
