58
0
100 100
100 100 100
100 100 100 2
100 1 100 100 100
100 100 100 100 100 100
100 100 100 100 100 100 100
-6 100 100 100 100 0 -1 100
100 100 100 100 0 100 100 100 100
-8 100 100 100 100 100 100 100 100 100
100 100 100 100 100 100 100 100 100 100 9
100 100 100 100 100 100 100 100 0 100 100 100
100 100 100 100 100 100 100 100 100 100 100 100 100
100 100 100 100 100 100 100 100 100 100 100 100 100 100
100 100 100 100 100 100 100 100 100 100 100 100 0 100 100
100 100 100 100 100 100 100 100 100 100 100 100 100 100 -1 100
100 1 100 100 100 100 100 100 100 100 100 100 100 100 100 100 100
100 100 100 100 0 100 100 100 100 100 100 100 100 100 100 100 100 100
100 100 100 100 100 0 100 0 100 100 100 100 100 100 100 100 100 100 100
100 1 0 100 100 100 100 0 100 100 100 100 100 100 100 100 100 100 100 100
100 100 100 100 100 100 100 100 0 0 100 100 100 100 100 100 100 100 100 100 100
100 100 100 100 100 100 100 100 0 100 100 100 100 0 100 100 100 100 100 100 100 100
100 100 100 100 100 100 100 100 100 100 100 100 100 0 100 100 100 100 100 100 100 -1 21
-22 100 100 100 100 100 100 100 100 0 100 100 100 100 100 100 100 100 100 100 100 100 100 100
100 100 100 100 100 100 100 100 100 0 100 100 100 100 100 100 100 100 0 100 100 100 100 100 23
100 100 100 100 100 100 100 100 100 100 100 100 0 100 100 100 100 100 100 100 100 100 100 100 100 100
100 100 100 100 100 100 0 100 100 100 100 100 100 100 0 100 100 100 100 100 100 100 100 100 0 100 100
100 1 100 100 100 100 100 100 100 100 100 100 100 100 100 100 100 100 0 100 0 100 100 100 100 100 100 26
100 100 0 100 100 100 100 100 100 100 100 100 100 0 0 100 100 100 100 100 100 100 100 100 100 0 100 100 100
100 100 100 100 100 100 0 100 0 100 100 100 100 100 100 100 100 100 100 100 100 100 100 100 100 100 100 100 100 100
100 1 100 0 100 100 100 100 100 100 100 100 100 100 100 100 100 100 100 100 100 100 100 100 100 100 100 100 100 100 100
-30 100 100 100 100 100 100 100 100 100 100 100 100 100 100 100 100 100 100 0 100 100 100 100 100 100 100 100 100 100 100 100
100 1 100 100 100 100 100 0 100 100 100 100 100 100 100 100 100 100 0 100 100 100 100 100 0 100 100 0 100 100 100 100 100
100 1 100 0 100 100 100 100 0 100 100 100 100 100 100 100 0 100 100 100 100 100 100 0 100 100 100 100 0 100 100 100 100 100
100 100 100 100 100 100 100 100 100 0 100 100 100 100 100 0 100 100 100 100 100 100 100 100 100 100 100 100 0 100 100 100 100 100 100
100 100 100 100 100 100 100 100 100 100 100 0 100 100 100 0 100 100 100 100 100 100 100 100 100 0 100 100 100 100 100 100 100 100 100 100
100 100 100 100 0 100 100 100 100 0 100 100 100 100 100 100 0 100 100 100 100 100 100 100 100 100 100 100 100 0 100 100 0 0 100 100 100
100 100 100 100 100 100 100 100 100 100 100 100 100 100 100 100 100 0 100 100 100 100 100 100 100 100 100 100 100 100 100 100 100 100 100 100 100 100
100 100 100 100 100 100 100 100 100 100 100 100 100 100 100 100 100 100 100 100 100 100 100 100 100 100 100 0 100 100 100 100 100 100 100 100 100 100 100
100 100 100 100 100 100 100 100 0 100 100 100 100 100 100 0 0 100 100 0 100 100 100 100 100 100 100 100 0 100 100 100 100 0 100 100 100 100 100 100
100 100 100 100 100 100 100 100 100 0 100 100 100 0 100 100 100 100 100 100 100 100 100 100 0 100 100 100 0 100 100 100 100 100 100 100 100 100 100 100 100
100 100 100 100 100 100 100 100 0 100 100 100 0 0 100 100 100 100 100 100 0 100 100 100 100 0 100 100 100 100 100 100 100 100 100 100 100 100 100 100 100 100
100 100 100 100 100 0 100 100 100 100 100 100 100 0 100 100 100 0 100 100 100 0 100 100 100 100 100 0 100 100 100 100 100 0 100 100 100 100 100 100 0 100 100
100 100 100 100 100 100 100 100 100 100 100 100 100 100 100 100 100 100 100 100 0 100 100 100 100 100 0 100 0 100 100 100 100 100 100 100 100 100 100 100 100 100 -1 100
100 100 100 100 100 100 100 100 100 0 100 100 100 100 100 0 100 100 100 100 100 0 100 100 100 100 0 100 0 0 100 100 100 100 100 100 0 100 0 100 100 100 100 100 43
100 100 0 100 100 100 100 100 100 100 100 100 100 100 100 100 100 100 100 100 100 100 100 100 100 100 100 100 100 100 100 100 100 0 100 100 100 100 100 100 100 0 100 100 100 100
100 100 100 100 100 100 100 100 100 100 0 100 100 100 100 100 100 100 100 100 100 100 100 100 100 100 100 0 100 100 100 100 100 100 100 0 100 0 100 100 0 100 100 100 100 100 100
100 100 100 100 100 100 100 100 100 100 100 100 0 100 100 100 100 100 100 100 100 100 100 100 100 100 100 100 0 100 100 100 100 100 100 100 100 100 100 100 0 100 100 100 100 100 100 100
100 100 100 100 100 100 0 0 100 100 100 0 100 100 100 100 100 100 100 100 100 100 100 100 0 100 100 100 100 100 0 100 0 100 100 100 100 100 100 100 100 100 100 100 100 100 100 100 100
100 100 100 100 100 100 100 100 100 100 100 100 100 100 100 100 0 100 100 100 100 100 100 100 100 0 100 100 100 100 100 0 100 100 100 100 100 100 100 100 100 100 100 100 100 100 0 100 100 100
100 1 100 100 100 0 100 0 100 100 100 100 100 100 100 100 100 100 100 0 0 0 100 0 100 100 100 100 0 100 0 0 100 100 100 100 100 100 0 100 100 100 0 100 100 100 0 100 100 -1 49
100 100 100 100 100 100 0 100 100 100 100 100 100 100 100 100 100 100 100 100 100 100 100 100 100 100 100 100 100 100 0 100 100 100 0 0 100 100 100 0 100 100 100 100 100 100 100 100 100 0 100 100
100 1 100 100 100 100 100 100 100 0 100 100 100 100 100 100 100 100 100 100 100 100 0 100 100 100 100 100 100 0 100 100 100 100 100 100 100 100 100 0 100 0 100 100 100 100 100 100 100 0 100 100 100
100 100 100 100 100 100 100 100 100 0 100 100 100 100 100 100 100 100 0 100 100 100 100 100 100 100 100 100 100 0 100 100 100 100 100 100 100 100 100 100 100 100 100 100 100 100 100 100 100 100 0 100 100 100
100 100 100 100 0 100 100 0 100 100 100 100 100 100 100 100 0 100 100 100 100 0 100 100 100 100 100 100 100 100 100 100 100 100 0 100 100 100 100 100 100 100 100 100 100 100 0 100 100 100 100 100 100 100 100
100 100 100 100 100 100 100 100 100 0 100 100 100 100 0 100 100 100 0 100 100 100 100 0 100 100 100 100 100 100 100 0 100 100 100 100 100 100 100 100 100 100 100 100 100 100 100 100 100 100 100 100 100 100 100 100
100 100 100 100 0 100 100 100 100 100 100 100 100 100 100 100 100 100 100 100 100 100 100 100 100 100 100 100 0 100 100 100 100 100 100 100 100 100 100 100 100 100 100 100 100 100 100 100 100 0 100 100 100 100 100 100 100
100 100 100 100 100 100 100 100 100 100 100 100 100 -29 100 100 100 100 100 100 100 -29 100 100 100 100 100 100 100 -29 100 100 100 100 100 100 100 100 100 -29 100 100 100 -29 100 100 100 100 29 100 100 100 100 100 100 100 100 100
