88
100
100 100
100 100 100
100 100 100 2
100 100 100 100 100
100 100 100 100 100 100
100 100 100 100 100 100 100
-6 1 100 0 100 100 100 100
100 100 100 100 100 100 100 -1 100
100 100 100 100 100 100 100 100 100 100
100 100 100 100 100 100 100 100 100 100 100
100 100 0 100 100 100 100 100 100 100 -1 100
100 100 100 100 100 100 100 100 100 100 100 100 100
100 100 100 100 0 100 100 100 100 100 100 100 100 100
100 100 100 100 100 100 100 100 100 100 100 100 100 100 100
100 1 100 100 100 100 100 100 100 0 100 100 100 100 100 100
100 100 100 100 100 100 100 100 100 100 100 100 100 100 0 100 100
100 100 100 100 100 100 100 100 100 100 100 100 100 0 100 100 -1 100
100 100 100 100 100 0 100 100 100 100 100 100 100 0 100 100 100 100 100
-18 100 100 100 100 100 100 0 100 100 100 100 100 0 100 100 100 100 100 100
100 100 100 100 100 0 100 100 100 100 100 100 100 100 100 0 100 100 100 100 100
100 100 100 100 100 100 0 100 100 100 100 100 100 100 100 100 100 100 100 100 -1 100
100 100 100 100 100 100 100 100 100 100 100 100 100 100 100 100 100 100 0 100 100 100 100
100 100 100 100 100 100 100 100 100 100 100 100 100 100 100 100 100 100 0 100 100 100 -1 100
100 100 100 100 100 100 100 100 100 100 100 100 100 100 100 100 100 100 100 0 100 100 100 100 100
100 100 100 0 100 100 100 100 100 100 100 100 100 100 100 100 100 100 100 100 100 100 100 0 100 100
100 100 0 100 100 100 100 100 100 100 0 100 100 100 100 0 100 100 100 100 100 100 100 100 100 100 100
100 100 100 100 100 100 100 100 100 100 100 100 0 100 100 100 100 100 100 100 100 100 100 100 100 100 100 100
100 100 100 100 100 100 100 100 100 100 100 100 100 100 100 100 100 0 100 100 100 100 100 100 0 100 100 100 100
100 100 100 0 100 100 0 100 100 100 100 100 0 100 100 100 100 100 100 100 100 100 100 100 0 100 100 100 100 100
100 100 100 100 100 100 100 100 100 100 100 100 100 100 100 100 100 0 100 100 100 100 100 100 0 100 100 100 100 100 100
100 100 100 100 100 100 100 100 100 100 100 100 100 100 100 100 100 100 100 100 100 100 100 100 100 100 100 100 100 100 100 100
100 100 100 100 100 100 100 100 100 100 100 100 0 100 100 100 100 100 100 100 100 100 100 100 100 100 100 100 100 100 0 100 100
100 100 100 100 100 100 100 100 100 100 100 100 100 100 100 0 100 100 0 100 100 100 100 100 100 100 0 100 100 100 100 100 -1 100
100 100 100 100 100 100 100 100 100 100 100 100 100 0 100 100 100 100 100 100 100 100 100 100 100 100 100 100 100 100 100 100 100 100 100
100 1 100 100 100 100 100 100 100 100 100 100 100 100 100 100 100 100 100 100 100 100 100 100 100 100 100 100 100 100 100 100 100 100 100 100
100 100 100 100 100 100 100 100 100 100 100 100 100 0 100 100 100 100 100 100 100 100 100 100 100 100 100 100 100 100 100 100 100 100 100 100 100
100 100 100 100 100 100 100 100 100 100 100 100 100 100 100 100 100 100 100 100 100 100 100 100 100 100 100 100 100 100 100 100 100 100 100 100 100 100
100 100 100 100 0 100 100 100 100 100 100 100 100 100 100 100 100 100 100 100 100 0 100 100 0 100 100 100 100 100 100 100 100 100 100 100 100 100 37
100 100 100 100 100 100 100 100 100 100 100 100 100 100 100 100 100 100 100 100 100 100 100 100 100 0 100 0 100 100 0 100 100 100 100 100 100 100 -1 100
100 100 100 100 100 100 100 100 100 100 100 100 100 100 100 100 100 100 100 100 0 100 100 100 100 100 100 100 100 100 100 100 100 100 100 100 100 100 100 100 100
100 100 100 100 0 100 100 100 100 100 100 100 100 100 100 100 100 0 100 100 100 100 100 100 100 100 100 100 100 100 100 100 0 100 100 100 100 100 100 100 100 100
100 100 100 100 100 100 100 100 100 100 100 0 100 100 100 100 100 100 100 100 100 100 0 100 100 100 100 100 100 100 100 100 100 100 100 100 100 100 100 100 100 100 100
100 100 100 100 100 100 100 100 100 100 100 100 100 100 100 100 100 100 100 100 100 0 100 100 100 100 100 100 100 100 100 100 100 100 100 100 100 100 100 100 100 100 100 100
100 100 100 100 100 100 100 100 100 100 100 100 0 100 100 100 100 0 100 100 100 100 100 100 100 0 100 100 100 100 100 100 100 100 100 100 100 100 100 100 100 100 0 100 100
100 100 100 100 100 100 0 100 100 100 0 100 100 100 100 100 100 100 0 100 100 100 100 100 0 100 100 100 100 100 100 100 100 100 100 0 100 100 100 100 100 100 100 100 100 100
100 100 100 100 100 100 100 100 100 100 100 100 100 100 100 100 100 0 100 100 100 100 100 100 100 100 0 100 100 100 0 100 100 100 100 100 100 100 100 100 100 100 0 0 0 100 45
100 100 100 100 100 100 100 100 100 100 100 100 100 0 100 0 100 100 100 100 100 100 100 100 100 100 100 100 100 100 0 100 100 100 100 100 100 0 100 100 100 100 100 100 100 100 100 100
100 100 100 100 100 0 100 100 100 100 100 100 100 100 100 100 100 100 0 100 0 100 100 100 100 100 100 100 100 100 100 100 100 100 100 0 100 100 100 100 100 100 100 0 100 0 100 100 100
100 100 100 100 100 100 0 100 100 100 100 100 100 100 100 100 100 100 100 100 100 100 100 100 100 100 100 100 100 100 100 100 0 100 0 100 100 100 100 100 100 100 100 100 100 100 100 100 100 100
-49 100 100 100 100 100 100 0 100 100 100 100 100 100 100 100 100 100 100 100 100 100 100 100 100 100 100 100 100 100 100 100 100 100 0 100 100 100 100 100 100 100 100 100 100 100 100 100 100 100 100
100 100 100 100 0 100 100 100 100 100 100 100 0 100 100 100 100 0 100 100 100 100 100 100 100 100 100 100 0 100 100 100 100 100 100 100 100 0 100 100 0 100 100 100 100 100 100 0 100 100 100 100
100 100 100 100 100 100 100 100 100 100 100 100 100 100 100 100 100 100 100 100 100 100 100 100 100 100 100 100 100 100 100 100 100 100 100 100 100 100 100 100 100 100 100 100 100 0 100 100 100 100 100 100 100
100 100 100 100 100 100 100 100 100 100 100 100 100 100 100 100 100 100 100 100 100 0 100 100 100 100 100 100 100 100 100 100 100 100 0 100 100 0 100 100 0 100 100 100 100 100 100 100 100 100 100 100 100 100
100 100 100 100 100 100 100 100 100 100 100 100 100 100 100 100 100 100 100 100 100 100 100 100 100 100 100 100 100 100 100 100 100 100 100 100 100 100 100 100 100 100 100 0 100 100 0 100 100 100 100 100 100 -1 53
100 100 100 100 100 100 100 100 100 100 100 100 100 100 100 100 100 100 100 100 100 100 100 100 100 100 100 100 0 0 100 100 100 100 100 100 100 100 100 100 100 100 100 100 100 100 100 100 100 100 100 100 100 100 100 100
100 100 100 0 100 100 100 100 100 100 100 100 100 100 100 100 100 100 100 100 100 100 0 100 100 100 100 100 100 100 100 100 100 100 100 100 100 100 100 100 100 100 100 100 100 100 100 100 100 100 100 100 100 100 100 100 100
100 100 0 100 100 100 100 100 0 100 100 100 100 100 100 100 100 100 100 100 100 100 100 100 100 100 0 100 100 100 100 0 100 100 100 100 100 100 100 100 100 100 100 100 100 100 100 100 100 100 0 100 100 100 100 100 100 100
-57 100 100 100 100 100 100 100 100 100 100 100 100 0 100 100 100 100 0 100 100 100 100 100 100 100 100 0 100 0 100 100 0 100 100 100 100 100 100 100 100 100 100 100 100 100 100 100 100 0 100 100 100 100 100 100 100 100 100
100 100 100 100 100 100 100 100 100 100 100 100 100 100 100 100 100 100 0 100 100 100 0 100 100 100 100 0 100 100 100 100 100 100 100 100 100 100 100 100 100 100 100 100 100 100 100 100 100 0 0 100 100 100 100 100 100 100 100 100
-59 100 0 100 100 100 100 100 100 100 100 0 0 100 100 100 100 100 100 100 100 100 100 100 100 100 100 100 100 100 0 0 100 100 100 100 0 0 100 100 100 100 100 100 100 100 100 100 100 100 100 100 0 100 100 100 100 100 100 100 100
100 100 100 100 100 0 100 100 100 100 100 100 100 100 100 100 100 100 100 100 100 100 100 100 100 100 100 0 100 100 100 100 100 100 100 100 100 100 100 100 100 100 100 100 100 100 100 100 0 100 100 100 100 100 100 100 100 100 100 100 100 100
100 100 100 100 100 100 100 100 100 100 100 100 100 100 0 100 0 100 100 100 100 100 100 100 100 100 100 100 100 0 100 100 100 100 100 0 100 0 100 0 100 100 100 100 100 100 0 100 100 100 100 100 100 100 100 100 100 100 100 100 100 100 100
100 100 100 100 100 100 100 100 100 100 100 100 100 100 100 100 100 100 100 100 100 100 100 100 100 100 100 100 100 100 100 100 100 100 100 100 100 100 100 100 100 100 100 100 100 100 100 100 100 100 100 100 100 100 100 100 100 100 100 100 100 100 -1 100
100 100 100 100 100 100 100 100 100 100 100 100 100 100 100 100 100 100 0 100 100 100 100 100 100 100 100 100 100 0 0 100 100 100 100 100 0 100 100 100 100 100 100 100 100 0 100 100 100 100 100 100 100 100 100 100 100 100 100 100 100 100 100 100 100
100 100 100 100 100 100 100 100 100 100 100 100 100 100 100 100 100 100 100 100 0 100 100 100 100 100 100 100 100 100 0 0 100 100 100 100 100 100 100 100 100 100 0 100 100 100 100 100 100 100 0 100 100 100 100 0 100 100 100 100 100 100 100 100 100 100
100 100 100 100 100 100 0 100 100 100 100 100 100 100 100 0 0 100 100 100 0 100 100 100 100 100 100 100 100 100 100 100 0 0 100 100 100 100 100 100 100 100 100 100 100 100 100 100 100 100 100 100 100 0 100 100 100 100 100 100 100 100 100 100 100 100 100
100 100 100 100 100 100 100 100 100 0 100 100 100 0 100 100 100 0 100 100 100 0 100 100 100 100 0 100 100 100 0 100 100 100 100 100 100 100 100 100 100 100 100 100 100 100 0 100 100 100 0 100 100 100 100 100 0 100 100 100 100 100 100 100 0 0 100 100
100 100 100 100 0 100 100 100 100 100 100 100 100 100 100 100 100 100 100 100 100 100 100 100 100 100 100 100 100 100 100 100 100 100 100 100 100 100 100 100 0 100 100 100 100 100 100 100 100 100 100 100 100 100 100 0 100 100 100 100 100 100 100 100 100 100 100 100 67
100 100 100 100 100 100 100 100 100 0 100 100 100 100 100 100 100 100 100 100 100 100 100 100 0 100 100 100 100 100 100 100 100 100 0 100 100 100 100 0 100 100 100 100 100 100 100 100 100 100 100 100 100 100 0 100 100 100 0 100 100 100 100 100 100 100 100 100 100 68
100 100 100 100 100 100 100 100 100 100 100 100 100 100 100 100 0 100 100 100 100 100 100 0 100 100 100 100 100 100 100 100 100 100 100 100 100 100 100 100 100 0 100 100 100 100 0 100 100 100 100 100 100 100 100 100 100 100 100 0 100 100 100 100 100 100 100 100 100 100 100
100 100 100 100 100 100 100 0 100 100 100 100 100 100 0 100 100 0 100 100 100 100 100 100 100 0 100 100 0 100 100 100 100 100 100 100 100 100 100 0 100 100 100 100 100 100 100 0 100 100 100 100 100 100 100 100 100 100 100 100 100 100 100 100 100 100 100 100 100 100 100 100
100 100 100 100 100 100 100 100 100 100 100 100 100 100 100 100 100 100 100 0 100 100 100 100 100 100 100 100 100 100 100 100 100 100 100 100 0 100 100 100 100 100 100 100 0 100 100 0 100 100 0 100 100 100 100 100 100 100 100 100 100 100 100 100 100 100 100 100 100 100 100 -1 100
100 100 100 100 100 100 100 100 100 100 100 100 100 100 100 0 100 100 100 100 100 100 100 100 100 100 100 100 100 100 100 100 100 100 100 100 100 100 100 100 100 100 100 0 100 0 100 100 0 100 100 100 100 100 100 0 100 100 100 100 100 100 100 100 100 100 100 100 100 100 100 100 100 100
100 100 100 100 100 100 100 100 100 100 100 100 100 100 100 100 100 100 100 100 100 100 100 100 100 100 0 100 100 100 100 100 100 100 100 100 100 100 100 0 100 100 0 100 100 100 100 100 100 100 100 0 100 100 100 0 100 100 100 100 100 100 100 100 100 100 100 100 100 100 100 100 100 100 100
-74 100 0 100 100 100 100 100 100 100 100 100 0 100 100 100 0 100 100 100 100 100 100 100 100 100 100 100 100 100 100 100 100 100 100 100 100 100 100 100 0 100 100 100 100 100 100 100 100 0 100 100 100 100 100 100 0 100 100 100 0 100 100 100 100 100 0 100 100 100 100 0 100 100 100 100
100 100 100 100 0 100 100 100 100 100 100 100 100 100 0 100 100 100 100 100 100 100 100 100 100 100 100 100 100 100 100 100 100 0 100 100 100 100 100 100 100 100 100 100 100 100 100 100 100 100 100 100 100 100 100 100 100 0 100 100 0 100 100 100 100 100 100 100 100 100 0 100 100 100 100 100 100
100 100 100 100 100 100 100 100 100 100 100 100 100 100 100 0 100 100 100 100 100 100 100 100 100 100 0 100 100 100 100 100 100 100 100 100 100 100 100 100 100 100 100 100 100 100 100 100 100 100 100 100 100 100 100 100 100 100 100 100 100 100 100 100 100 100 100 100 100 100 100 100 100 100 0 100 100 100
100 100 100 100 100 100 100 100 100 100 100 100 100 100 100 100 100 100 100 100 100 100 100 100 100 100 100 100 100 100 100 100 100 100 100 100 100 100 100 100 100 100 100 100 100 100 100 100 100 100 100 100 100 100 100 100 100 100 100 100 100 100 100 100 100 100 100 100 100 100 100 100 100 100 100 0 100 100 77
100 100 100 100 100 100 100 100 100 100 100 100 100 100 100 100 100 100 100 100 0 100 100 0 100 100 100 100 100 100 100 100 100 100 100 100 100 100 100 100 100 100 100 100 100 100 0 100 100 100 100 100 100 100 100 100 100 100 100 100 100 100 100 100 100 100 100 100 100 100 100 100 100 100 100 100 100 100 100 100
100 100 100 100 0 100 100 100 100 100 100 100 100 100 100 100 100 100 100 100 100 100 100 0 100 100 100 100 100 100 100 100 100 100 100 100 100 100 100 100 100 100 100 100 100 100 100 100 100 100 100 0 100 0 100 100 100 100 100 100 100 100 100 100 100 100 100 100 100 100 100 100 0 100 100 0 100 100 100 100 100
100 100 100 100 100 100 100 100 100 100 100 100 100 100 100 100 100 100 100 100 100 100 100 100 100 100 100 100 100 100 0 100 100 100 100 100 100 0 100 100 100 100 100 100 0 100 100 100 100 100 100 100 100 0 100 100 100 0 100 100 100 100 100 100 100 100 100 100 100 100 100 100 100 100 100 100 100 100 100 100 100 100
100 100 100 100 100 100 0 0 100 100 100 100 100 100 0 100 100 100 100 100 100 100 100 100 100 100 100 100 100 0 100 100 0 0 100 100 100 100 100 100 100 100 100 100 100 100 100 0 0 100 100 0 100 100 100 100 100 100 100 100 100 100 100 100 100 100 0 100 100 100 100 100 100 100 100 100 100 100 100 100 100 100 100
100 100 100 100 100 100 100 100 100 0 100 100 100 100 100 100 100 0 100 100 100 100 100 100 100 100 100 100 100 100 100 100 100 100 100 100 100 100 100 100 100 100 100 100 100 100 100 100 100 100 100 100 100 100 100 100 100 0 100 100 100 100 100 100 100 100 100 100 100 100 100 100 100 100 100 0 100 100 100 100 100 100 100 100
100 100 100 100 100 100 0 100 100 100 100 100 100 100 100 100 100 100 100 0 100 0 100 100 100 100 100 100 100 100 100 100 100 0 100 100 100 100 100 0 0 100 100 100 100 100 100 100 100 100 100 100 100 100 100 100 100 100 100 100 100 100 100 100 100 100 100 100 100 100 100 100 100 100 100 100 100 100 100 100 100 100 100 100 100
100 100 100 100 100 100 100 100 100 100 100 100 100 100 100 100 100 100 100 100 100 100 100 100 100 100 100 0 100 100 100 0 100 0 100 100 100 100 100 100 100 100 100 100 100 100 100 100 100 100 100 100 100 100 100 100 0 100 100 100 100 100 100 0 100 100 100 0 100 100 100 100 100 100 100 100 100 100 100 100 100 100 100 100 100 84
100 100 100 100 100 100 100 100 100 100 0 100 100 0 100 100 100 100 100 0 100 100 100 100 100 100 100 100 100 100 0 100 0 100 100 100 100 100 100 100 0 0 100 100 100 100 100 100 100 100 0 100 0 100 100 100 100 100 100 100 100 100 100 100 100 100 100 100 100 100 100 100 100 0 100 100 100 100 100 100 100 100 100 100 100 100 100
100 100 100 -44 100 100 100 100 100 -44 100 100 100 100 100 100 100 100 100 100 100 100 100 100 100 100 100 100 100 100 100 100 100 100 100 100 100 -44 100 100 100 100 100 100 100 100 100 -44 100 100 100 100 100 100 44 100 100 100 100 100 100 100 100 100 100 100 100 100 100 100 100 100 100 100 100 -44 100 100 100 100 100 100 100 -44 100 100 100 100
