70
100
100 100
100 100 100
100 100 100 100
-3 100 100 100 100
100 100 100 100 100 4
100 100 100 100 100 100 100
100 100 100 100 100 100 100 100
100 100 100 0 100 100 100 100 100
100 100 100 100 100 100 100 100 -1 100
-9 100 100 100 100 100 100 100 100 100 100
100 100 100 100 100 0 100 100 0 0 100 100
100 100 100 0 100 100 100 100 100 100 100 -1 100
100 100 100 100 100 100 100 100 0 100 100 100 100 12
100 100 100 100 100 100 100 100 100 100 100 0 100 100 100
100 1 0 100 100 100 100 100 100 100 100 100 100 100 100 100
100 100 100 100 100 100 100 0 100 100 100 100 100 100 100 -1 100
100 100 100 100 100 100 100 100 100 100 100 100 100 0 100 100 100 100
100 100 100 100 100 100 100 0 100 100 100 0 100 100 0 100 100 100 100
100 100 100 0 100 100 100 100 100 100 100 0 100 100 100 100 100 100 -1 100
100 100 100 100 100 0 100 100 100 100 0 100 100 0 100 100 100 100 100 100 100
100 1 100 100 100 0 100 100 100 100 100 100 100 100 100 100 100 100 100 100 100 100
100 100 100 100 100 0 100 100 100 100 100 100 100 100 100 100 100 100 100 100 100 100 100
100 100 100 100 100 100 100 100 0 100 100 100 100 100 100 100 100 100 100 100 100 100 100 100
100 100 100 100 100 100 100 100 100 100 100 0 100 100 100 100 100 0 100 100 100 100 100 100 100
100 100 100 100 100 0 0 100 100 100 100 100 100 0 100 100 100 100 100 100 100 100 100 100 100 100
100 100 100 100 100 0 100 0 100 100 100 0 100 100 100 0 100 100 100 100 100 100 100 100 100 100 100
100 100 100 100 100 100 100 100 100 100 100 100 100 100 100 0 100 100 100 100 100 100 100 100 0 100 100 100
100 100 100 100 100 100 100 100 100 100 100 0 100 100 0 100 100 100 100 100 0 100 100 100 100 100 100 100 100
100 1 100 0 100 100 100 100 100 100 100 100 100 100 100 100 100 100 100 100 100 100 100 100 100 100 100 0 100 100
100 100 100 100 100 100 100 0 100 100 0 100 0 100 100 100 100 100 100 100 100 100 0 100 100 0 0 100 100 100 100
100 100 100 100 100 100 100 100 100 100 100 100 100 100 100 100 100 100 100 100 100 100 100 100 100 100 0 100 100 0 100 100
100 100 100 100 100 100 100 100 0 100 0 100 100 100 100 0 0 100 100 100 100 100 100 100 100 100 100 100 100 100 100 100 100
100 100 100 100 100 100 100 100 100 100 100 100 100 100 100 100 100 0 100 100 100 0 100 100 100 100 100 100 100 100 100 100 100 100
100 100 100 100 100 100 100 100 100 100 100 100 100 100 100 100 100 100 100 100 100 100 100 100 100 100 100 100 100 100 100 100 100 -1 100
100 100 100 100 100 0 0 100 100 100 100 100 100 100 100 100 100 100 100 100 100 100 100 100 0 100 100 100 100 100 100 100 100 100 100 100
100 100 100 100 0 0 100 100 100 100 100 100 100 100 100 0 100 0 100 100 100 0 100 0 100 100 100 100 100 100 100 100 100 100 100 100 100
100 100 100 100 100 100 100 100 0 100 100 100 100 100 100 100 100 0 100 100 100 100 100 0 100 100 100 0 100 100 100 100 100 0 100 100 100 100
100 100 0 100 100 100 100 100 100 100 100 0 100 100 100 100 100 100 100 100 100 100 100 100 100 100 100 100 100 0 100 100 100 100 100 100 0 100 100
100 100 100 0 100 0 100 100 100 100 100 100 0 100 100 100 100 100 100 100 100 0 100 100 0 100 100 100 100 100 100 100 100 0 100 100 100 0 100 100
100 100 0 100 100 100 100 100 100 100 0 100 100 100 100 100 100 100 100 100 100 100 100 100 100 100 100 100 100 100 100 100 100 100 100 100 0 100 100 -1 100
100 100 100 100 100 100 100 0 100 100 100 100 100 100 100 0 100 100 100 100 100 100 100 100 100 100 100 0 100 100 100 0 100 100 100 100 100 100 100 100 -1 100
100 100 0 100 100 100 100 100 100 100 100 100 100 100 100 100 100 100 100 100 100 100 100 0 100 100 100 0 100 100 0 100 100 100 100 100 100 100 100 100 100 100 100
100 100 100 100 100 100 100 100 100 100 100 100 0 0 100 100 100 100 100 100 100 100 100 100 100 100 100 0 100 100 0 100 100 100 100 100 100 100 100 100 100 100 100 100
100 100 100 100 100 100 100 100 100 100 100 100 100 100 100 100 100 100 100 100 100 100 100 100 100 100 100 100 100 100 100 100 100 100 0 0 100 100 100 100 100 100 100 100 100
100 100 100 100 0 100 100 100 100 100 0 100 100 100 100 100 0 100 100 100 100 100 100 100 100 0 100 0 100 100 100 100 100 100 100 100 0 100 0 100 100 100 100 100 100 100
-45 100 100 100 100 100 100 100 100 100 100 100 100 100 100 100 100 100 100 100 100 100 100 100 100 100 100 100 100 100 100 100 100 100 100 0 100 100 100 100 100 100 100 100 100 100 100
100 100 100 100 100 100 100 100 100 100 100 100 100 100 100 100 100 100 100 100 100 100 100 100 100 100 100 100 0 100 100 100 100 0 100 100 100 100 100 0 100 100 100 100 100 100 100 100
100 100 100 100 100 100 100 100 0 100 100 100 100 100 0 0 100 100 100 100 100 0 100 100 100 100 100 100 100 100 100 100 100 100 100 100 100 100 0 100 100 100 0 100 100 100 100 100 100
100 100 100 0 100 100 100 100 100 100 100 100 100 100 100 100 100 100 100 100 0 100 100 100 100 100 100 100 100 100 100 100 100 100 100 100 0 100 100 0 100 100 100 100 100 100 100 100 100 100
100 100 100 100 100 100 100 100 100 100 100 100 100 100 100 100 100 0 100 100 0 100 100 0 100 100 100 100 100 100 100 100 100 100 100 100 100 100 100 100 100 100 100 100 100 100 100 100 100 100 100
100 100 100 100 100 100 100 0 100 100 100 0 100 100 100 100 0 100 100 100 100 100 100 100 100 100 100 100 100 100 100 0 0 100 0 100 100 100 100 100 100 0 100 100 100 100 100 100 100 100 100 100
100 100 100 100 100 100 100 0 100 0 100 100 100 100 100 100 100 100 100 100 100 100 100 100 100 0 100 100 0 100 100 100 100 100 100 100 100 100 0 100 100 100 100 100 100 100 100 100 100 100 100 100 100
100 100 100 100 100 100 100 100 0 100 100 100 100 100 100 100 100 100 100 100 100 100 100 100 100 100 100 100 100 100 100 0 100 100 100 100 100 0 0 100 100 100 100 100 100 100 100 100 100 100 100 100 100 100
100 100 100 0 100 100 100 100 100 100 100 100 100 100 100 100 100 100 100 100 0 100 0 100 100 100 100 100 100 100 100 0 100 100 100 100 100 0 100 100 100 100 0 100 100 100 100 100 100 100 100 100 100 100 100
100 100 100 100 100 100 100 100 100 100 100 100 0 0 100 100 100 100 100 100 100 100 100 100 100 100 100 100 100 100 0 0 100 100 100 100 100 100 100 0 100 100 100 100 100 100 100 100 100 100 100 100 100 100 100 100
100 100 100 100 100 100 100 100 100 100 100 100 0 100 100 100 100 0 100 100 100 100 100 100 100 100 100 100 100 100 100 0 100 100 100 100 100 100 100 100 100 100 100 100 0 100 0 100 100 0 0 100 0 100 100 100 100
100 100 100 100 100 100 100 100 100 100 100 100 100 100 100 100 100 100 100 100 100 100 100 100 100 100 100 0 100 100 100 100 100 100 100 100 100 100 100 100 100 100 100 100 100 100 100 100 100 100 0 100 100 100 100 100 100 100
100 100 100 100 100 100 100 100 100 100 100 100 100 100 100 100 100 100 100 100 100 100 100 100 100 100 100 100 100 100 100 100 100 100 100 100 100 100 100 100 100 100 0 100 0 100 100 100 100 100 100 100 100 100 100 100 100 100 100
100 100 100 100 100 100 100 100 100 100 100 100 100 100 100 100 100 100 100 100 100 0 100 100 100 100 100 100 100 100 100 100 100 100 100 100 100 100 100 100 100 100 100 100 100 100 100 100 100 100 100 100 100 100 100 100 100 100 100 100
100 100 0 100 100 100 100 100 100 100 100 100 100 100 0 0 100 100 100 100 100 100 100 100 100 100 100 100 100 100 100 100 100 100 100 100 100 0 100 100 100 100 100 0 100 100 0 100 100 100 100 100 100 100 100 100 0 100 100 100 100
100 100 100 100 100 100 100 100 100 100 100 100 100 100 100 100 100 0 100 100 100 100 100 100 100 100 100 100 100 100 0 100 100 100 100 100 100 100 100 100 100 100 100 100 100 100 0 100 100 100 100 100 100 100 100 100 100 100 100 100 -1 100
100 100 0 100 100 100 100 100 100 100 100 100 100 100 100 100 100 100 100 100 100 100 100 100 100 100 100 100 0 100 100 100 100 100 100 100 0 100 100 0 100 100 100 100 100 100 0 100 100 0 100 100 100 100 100 100 100 100 100 100 100 -1 61
100 100 100 100 100 100 100 0 100 100 100 100 100 100 100 100 100 100 100 100 100 100 100 100 100 0 100 100 100 100 100 100 100 100 100 100 100 100 100 100 100 0 100 100 100 100 100 100 100 100 100 100 100 100 100 100 100 100 100 100 100 100 100 100
100 100 100 100 100 100 100 100 100 100 100 100 100 100 100 100 100 100 100 100 100 100 100 100 100 100 100 100 0 100 100 100 100 100 100 100 100 100 100 100 100 100 100 0 100 100 100 100 100 100 0 100 100 100 100 100 100 100 100 100 0 100 100 100 100
100 100 100 100 100 100 100 100 100 100 100 100 100 0 100 100 100 100 100 100 100 100 100 100 100 100 100 100 100 100 100 100 100 100 0 100 100 100 100 100 100 100 100 100 100 100 100 100 100 100 0 100 100 100 100 100 100 100 100 100 100 100 100 100 100 100
100 100 100 100 100 100 0 100 100 100 100 100 100 100 100 100 0 100 100 100 100 100 100 100 100 100 100 100 100 100 0 100 100 100 100 100 100 0 100 0 100 100 100 0 100 0 100 100 100 100 100 100 100 100 100 100 100 100 100 100 100 100 100 100 100 100 100
100 100 100 100 100 100 100 100 100 100 100 100 100 100 100 100 100 100 100 0 0 100 100 100 100 100 100 100 100 100 100 100 100 100 100 0 100 0 100 100 100 100 100 100 100 100 100 100 100 100 100 100 100 100 0 100 100 100 100 100 100 100 100 100 100 100 100 100
-67 100 100 100 100 100 100 100 100 100 100 0 100 100 100 100 100 100 100 100 100 100 0 100 100 100 100 100 100 100 100 100 100 100 100 100 100 100 100 100 100 100 100 100 100 100 100 100 100 0 100 100 100 100 100 100 100 100 100 100 100 100 0 100 100 100 100 100 100
100 100 100 100 100 100 100 100 100 100 35 100 100 100 35 100 100 100 100 100 35 100 100 100 100 100 100 100 100 100 100 -35 100 -35 100 100 100 100 100 -35 100 100 100 100 100 100 100 100 100 100 100 100 100 -35 100 100 100 100 100 100 100 100 100 100 100 100 100 100 34 100
