100 127 10 50 86 99
100 68 32
12 48 22
15 49 79
38 98 91
96 25 40
54 90 2
56 44 95
56 60 10
74 77 80
47 59 79
25 90 18
6 21 68
94 3 81
35 12 99
26 74 1
35 74 98
20 77 18
66 25 29
73 23 74
94 40 30
25 4 26
4 8 78
28 25 25
96 45 64
24 69 20
2 95 67
99 14 78
76 48 42
81 60 30
37 96 85
73 1 52
100 24 43
48 53 25
18 27 39
65 93 21
29 17 97
35 98 58
56 22 65
82 87 25
1 32 97
96 40 18
97 28 65
19 50 73
51 16 70
47 56 46
29 54 97
60 9 84
23 10 8
56 99 89
8 48 9
63 22 96
42 23 53
70 29 86
26 91 74
85 95 100
35 27 9
90 75 63
91 84 31
76 68 43
27 9 81
3 88 1
64 34 81
10 91 7
84 19 69
93 84 36
69 36 19
62 46 79
42 56 88
58 13 37
54 79 56
100 50 34
8 28 10
48 81 55
48 20 85
42 45 13
50 26 6
57 58 33
87 20 88
48 73 82
6 41 52
78 58 34
38 66 74
96 35 76
57 3 82
32 68 14
65 13 89
96 86 54
51 26 78
89 11 96
70 78 40
56 52 35
3 32 43
69 65 25
60 27 89
56 39 54
93 38 6
56 17 44
5 11 36
28 70 34
13 95 15
60 86 56
91 81 95
75 78 41
53 91 21
36 37 31
18 28 25
39 52 26
62 23 11
56 13 76
40 44 20
75 72 24
12 9 78
59 45 32
41 36 9
49 47 63
34 33 48
68 69 57
13 32 40
7 17 66
18 38 35
48 5 50
60 36 86
36 70 20
9 10 44
6 54 92
23 96 9
22 95 93
60 56 99
56 39 52
52 39 56
40 44 56
96 23 42
42 56 99
86 96 45
95 13 56
13 95 22
45 59 47
