100 324 131 9 48 75
1 9 52
1 30 62
1 32 38
1 38 35
1 47 32
1 86 35
1 93 18
2 25 84
2 26 95
2 41 86
2 60 41
2 61 32
2 82 3
2 91 4
2 98 33
3 16 22
3 24 65
3 48 36
3 49 57
3 56 35
3 62 14
3 81 70
4 15 59
4 23 33
4 37 79
4 46 58
4 55 19
4 61 77
5 20 79
5 23 83
5 51 33
5 71 12
6 20 73
6 55 1
6 63 74
6 93 74
6 96 29
6 98 32
7 41 51
7 76 41
7 83 47
8 26 26
8 95 20
8 100 49
9 24 49
9 27 28
9 52 84
9 86 38
9 96 88
10 16 46
10 32 62
10 55 13
10 80 80
10 85 78
11 18 35
11 41 34
11 56 93
11 59 94
11 63 81
11 74 64
11 83 88
11 86 38
11 90 56
11 98 97
12 37 78
12 51 78
12 70 38
12 75 17
12 78 89
13 20 1
13 91 19
13 97 70
14 17 76
14 18 55
14 34 61
14 57 45
14 63 39
14 64 39
14 82 55
14 88 52
14 95 72
15 26 7
15 53 44
15 67 51
15 79 18
16 17 46
16 64 9
16 65 60
16 68 18
16 87 4
17 18 16
17 63 73
17 78 39
18 31 75
18 62 52
18 78 22
18 83 53
18 89 91
18 95 81
19 44 13
19 46 85
19 61 80
19 81 71
19 93 75
19 95 13
19 100 5
20 31 48
20 35 94
20 40 2
20 66 93
20 73 13
20 87 17
20 96 46
21 41 14
21 52 12
21 85 19
22 33 45
22 38 54
22 47 68
22 49 67
23 52 50
23 63 23
23 69 53
23 75 49
23 84 81
23 93 6
24 40 63
24 44 44
24 57 2
24 93 66
25 30 57
25 43 88
25 46 90
25 70 80
25 75 95
25 87 15
25 91 99
25 97 8
25 98 86
26 37 97
26 53 49
26 69 31
26 74 65
26 78 16
27 34 41
27 42 82
27 65 74
27 72 44
27 95 9
27 100 76
28 38 84
28 50 99
28 75 1
29 31 100
29 51 71
29 58 16
30 33 89
30 36 13
30 46 70
30 50 14
30 63 17
30 64 21
30 71 2
30 83 1
31 50 28
31 72 42
31 87 50
31 88 5
32 41 95
32 65 100
32 89 39
33 35 17
33 37 35
33 41 23
33 42 72
33 47 17
33 66 87
33 93 91
34 35 80
34 38 99
34 89 26
35 55 21
35 78 100
35 88 51
35 91 24
36 64 96
36 79 17
36 91 87
37 56 45
37 62 77
37 66 68
37 81 3
37 89 2
38 84 8
39 55 62
39 58 44
39 80 81
40 55 78
40 76 49
40 82 94
40 96 69
41 55 76
41 76 63
42 80 41
42 92 39
43 47 54
43 69 85
44 52 2
44 66 72
44 69 8
45 52 83
45 55 90
45 67 33
45 73 62
45 74 86
45 79 71
45 88 1
45 99 4
46 49 93
46 52 26
46 81 48
46 93 71
47 53 82
47 70 72
47 77 59
47 80 84
47 85 1
48 52 23
48 56 51
48 58 98
48 76 4
49 55 99
49 68 92
49 69 82
50 85 42
51 74 16
51 88 34
52 72 83
52 75 40
52 84 37
53 65 46
53 69 29
53 71 76
53 79 60
53 82 49
53 85 97
54 62 60
54 73 42
54 78 27
55 62 16
55 73 38
56 63 53
56 71 43
56 75 32
57 68 91
57 75 19
57 79 98
57 85 17
58 72 91
58 73 1
58 86 82
58 95 36
58 98 40
59 61 67
59 62 40
59 74 16
60 73 9
60 93 59
61 66 60
61 82 90
61 85 100
61 93 63
62 70 80
62 85 23
62 94 91
62 95 7
62 97 28
63 72 28
63 77 33
63 88 24
63 99 60
64 80 37
64 92 2
64 95 38
65 82 5
65 91 16
65 99 33
66 84 34
66 85 9
67 75 53
67 76 78
67 89 68
69 72 84
69 74 78
69 87 25
70 77 6
70 85 53
70 87 23
70 89 27
71 73 24
71 86 1
72 80 27
73 81 3
73 92 80
73 97 80
74 79 4
74 84 97
74 86 81
75 91 30
76 98 41
77 86 99
77 87 11
78 86 10
78 88 11
79 87 56
80 90 74
83 96 51
86 90 52
87 94 33
89 100 83
91 98 77
93 99 56
95 100 88
97 99 37
48 52 75
48 56 75
21 85 57
52 44 24
3 56 75
48 76 40
3 62 85
2 91 75
19 95 62
3 24 57
52 23 75
20 13 91
44 52 75
21 41 33
69 87 77
65 91 75
48 76 41
77 70 12
48 76 67
52 44 69
85 57 75
48 3 16
48 3 62
33 35 91
48 76 98
52 84 38
19 95 27
47 1 93
21 85 47
85 70 12
21 52 75
24 57 75
21 85 62
44 19 93
71 56 75
44 19 95
48 52 21
46 93 23
63 23 75
48 52 46
37 89 70
23 63 56
81 37 56
48 52 44
52 84 23
3 16 87
37 12 75
48 56 3
48 52 45
63 56 75
14 57 75
52 23 4
56 71 86
48 76 7
48 58 73
52 23 63
87 70 12
48 56 71
81 46 52
56 37 81
45 67 75
93 46 52
48 52 23
48 56 63
48 52 84
37 89 67
3 81 73
24 93 23
48 3 56
52 9 1
95 62 55
58 98 91
58 98 6
63 23 52
56 37 89
46 52 75
93 23 75
48 3 24
37 4 23
35 91 75
86 78 12
50 28 75
33 47 85
48 52 72
48 56 37
95 19 44
95 62 97
70 12 75
3 49 69
52 9 86
58 29 51
9 27 34
48 3 81
66 84 52
34 89 37
95 8 26
4 23 75
62 85 47
37 56 75
49 68 57
95 64 16
58 95 27
48 3 49
95 62 85
9 27 72
58 95 62
18 78 12
98 76 67
9 24 44
48 52 9
48 58 72
71 30 36
26 15 67
48 58 95
11 74 51
48 58 98
71 5 51
58 86 71
48 58 86
56 11 86
11 74 79
78 88 45
48 58 29
56 11 18
39 55 6
55 4 23
21 85 66
98 91 75
55 62 97
11 83 30
48 56 11
