100 100 1 15 1 51
1 2 10
1 52 20
2 3 10
3 4 10
4 5 10
5 6 10
6 7 10
7 8 10
8 9 10
9 10 10
10 11 10
11 12 10
12 13 10
13 14 10
14 15 10
15 16 10
16 17 10
17 18 10
18 19 10
19 20 10
20 21 10
21 22 10
22 23 10
23 24 10
24 25 10
25 26 10
26 27 10
27 28 10
28 29 10
29 30 10
30 31 10
31 32 10
32 33 10
33 34 10
34 35 10
35 36 10
36 37 10
37 38 10
38 39 10
39 40 10
40 41 10
41 42 10
42 43 10
43 44 10
44 45 10
45 46 10
46 47 10
47 48 10
48 49 10
49 50 10
50 51 10
52 53 20
53 54 20
54 55 20
55 56 20
56 57 20
57 58 20
58 59 20
59 60 20
60 61 20
61 62 20
62 63 20
63 64 20
64 65 20
65 66 20
66 67 20
67 68 20
68 69 20
69 70 20
70 71 20
71 72 20
72 73 20
73 74 20
74 75 20
75 76 20
76 77 20
77 78 20
78 79 20
79 80 20
80 81 20
81 82 20
82 83 20
83 84 20
84 85 20
85 86 20
86 87 20
87 88 20
88 89 20
89 90 20
90 91 20
91 92 20
92 93 20
93 94 20
94 95 20
95 96 20
96 97 20
97 98 20
98 99 20
99 100 20
100 51 20
49 50 51
