100 147 48 3 1 100
1 2 2
2 3 2
3 100 2
1 4 4
4 5 4
5 100 4
1 6 6
6 7 6
7 100 6
1 8 8
8 9 8
9 100 8
1 10 10
10 11 10
11 100 10
1 12 12
12 13 12
13 100 12
1 14 14
14 15 14
15 100 14
1 16 16
16 17 16
17 100 16
1 18 18
18 19 18
19 100 18
1 20 20
20 21 20
21 100 20
1 22 22
22 23 22
23 100 22
1 24 24
24 25 24
25 100 24
1 26 26
26 27 26
27 100 26
1 28 28
28 29 28
29 100 28
1 30 30
30 31 30
31 100 30
1 32 32
32 33 32
33 100 32
1 34 34
34 35 34
35 100 34
1 36 36
36 37 36
37 100 36
1 38 38
38 39 38
39 100 38
1 40 40
40 41 40
41 100 40
1 42 42
42 43 42
43 100 42
1 44 44
44 45 44
45 100 44
1 46 46
46 47 46
47 100 46
1 48 48
48 49 48
49 100 48
1 50 50
50 51 50
51 100 50
1 52 52
52 53 52
53 100 52
1 54 54
54 55 54
55 100 54
1 56 56
56 57 56
57 100 56
1 58 58
58 59 58
59 100 58
1 60 60
60 61 60
61 100 60
1 62 62
62 63 62
63 100 62
1 64 64
64 65 64
65 100 64
1 66 66
66 67 66
67 100 66
1 68 68
68 69 68
69 100 68
1 70 70
70 71 70
71 100 70
1 72 72
72 73 72
73 100 72
1 74 74
74 75 74
75 100 74
1 76 76
76 77 76
77 100 76
1 78 78
78 79 78
79 100 78
1 80 80
80 81 80
81 100 80
1 82 82
82 83 82
83 100 82
1 84 84
84 85 84
85 100 84
1 86 86
86 87 86
87 100 86
1 88 88
88 89 88
89 100 88
1 90 90
90 91 90
91 100 90
1 92 92
92 93 92
93 100 92
1 94 94
94 95 94
95 100 94
1 96 96
96 97 96
97 100 96
1 98 98
98 99 98
99 100 98
2 3 100
4 5 100
6 7 100
8 9 100
10 11 100
12 13 100
14 15 100
16 17 100
18 19 100
20 21 100
22 23 100
24 25 100
26 27 100
28 29 100
30 31 100
32 33 100
34 35 100
36 37 100
38 39 100
40 41 100
42 43 100
44 45 100
46 47 100
48 49 100
50 51 100
52 53 100
54 55 100
56 57 100
58 59 100
60 61 100
62 63 100
64 65 100
66 67 100
68 69 100
70 71 100
72 73 100
74 75 100
76 77 100
78 79 100
80 81 100
82 83 100
84 85 100
86 87 100
88 89 100
90 91 100
92 93 100
94 95 100
96 97 100
