100 372 248 5 9 54
1 12 9
1 19 93
1 34 76
1 39 56
1 42 51
1 66 53
1 80 32
1 94 43
2 14 16
2 17 13
2 29 62
2 46 61
2 51 37
2 58 7
2 80 5
2 92 75
2 99 18
3 21 89
3 50 93
3 71 6
3 93 84
4 18 30
4 34 61
4 53 8
4 58 56
4 68 72
4 80 74
5 10 27
5 20 96
5 27 23
5 35 5
5 42 86
5 56 27
5 61 92
5 63 67
5 76 51
5 100 28
6 34 79
6 38 37
6 53 92
6 58 72
6 78 28
6 83 58
6 96 15
7 12 41
7 23 33
7 32 89
7 33 25
7 46 60
7 54 17
7 63 7
7 73 73
7 74 46
7 79 80
8 22 20
8 33 73
8 35 97
8 41 51
8 85 53
9 12 5
9 16 88
9 29 40
9 33 4
9 38 13
9 39 8
9 51 43
9 81 36
10 11 1
10 24 98
10 34 38
10 86 80
10 87 97
10 97 35
11 12 48
11 48 62
11 49 64
11 50 78
11 60 92
11 66 54
11 78 94
11 83 3
11 84 96
12 13 19
12 20 72
12 78 59
12 79 20
12 99 66
13 15 31
13 35 56
13 45 87
13 47 52
13 68 8
13 72 97
13 73 50
13 85 93
14 23 66
14 24 57
14 25 57
14 32 37
14 34 34
14 53 25
14 65 45
15 16 55
15 21 42
15 39 72
15 41 55
15 58 36
15 74 61
15 75 62
15 98 41
16 31 4
16 33 23
16 52 30
16 61 51
16 62 83
16 63 92
16 71 47
17 42 27
17 51 51
17 62 17
17 90 97
18 20 51
18 23 76
18 24 91
18 25 62
18 33 12
18 51 23
18 64 10
18 92 36
19 21 68
19 22 35
19 28 93
19 61 3
19 72 58
19 78 76
20 36 45
20 37 46
20 51 45
20 67 14
20 69 20
20 77 87
20 78 28
20 85 52
20 87 19
21 23 4
21 30 21
21 38 49
21 44 59
21 60 55
21 76 13
22 31 65
22 46 16
22 47 100
22 61 97
22 65 4
22 74 35
22 79 49
22 80 72
22 88 81
23 41 22
23 56 1
23 57 18
23 64 77
23 71 8
23 73 56
24 34 17
24 46 29
24 70 15
24 83 22
25 41 30
25 50 78
25 97 12
26 53 61
27 28 43
27 54 56
27 55 56
27 62 13
27 92 69
28 34 79
28 46 98
28 55 41
28 77 68
29 64 71
29 70 80
29 87 18
29 94 20
29 95 12
30 43 12
31 64 63
31 73 32
31 78 78
31 85 55
31 92 58
32 66 94
32 85 40
32 87 44
32 91 88
32 92 23
32 93 29
33 44 19
33 48 62
33 75 91
33 82 84
33 85 62
33 89 71
34 35 79
34 37 5
34 67 77
34 96 16
34 97 64
35 76 43
35 90 52
36 52 56
36 58 21
36 61 50
36 62 70
36 63 94
36 80 42
36 87 10
36 89 74
36 93 54
37 38 78
37 48 2
37 55 21
37 61 65
37 85 4
37 87 10
37 96 31
38 56 77
38 70 54
38 84 14
38 86 33
38 95 80
39 51 26
39 80 94
39 91 64
40 57 65
40 59 36
40 61 46
40 76 66
40 89 34
41 49 4
41 63 24
42 62 51
42 67 42
42 70 97
42 71 56
42 87 27
42 96 51
42 99 72
43 45 48
43 48 78
43 75 95
43 76 99
44 49 81
44 67 10
44 79 58
45 63 27
45 75 21
45 77 72
45 88 95
45 91 42
45 99 92
46 49 95
46 83 62
46 84 11
47 51 98
47 60 93
47 69 32
47 75 95
47 87 9
47 98 55
48 52 51
48 55 83
48 57 6
49 53 84
49 54 22
49 60 34
49 72 50
49 74 32
50 54 34
50 61 12
50 71 7
50 81 26
50 95 77
50 97 20
51 59 47
51 66 14
51 75 19
52 53 63
52 65 31
52 81 99
53 73 76
53 75 95
53 83 38
53 89 21
54 57 72
54 74 92
54 95 6
55 65 12
55 83 70
55 96 36
56 74 71
57 67 95
57 84 79
57 85 33
57 87 31
57 88 46
57 91 67
58 69 17
58 72 90
58 82 3
59 84 63
59 88 26
59 91 52
60 64 27
60 84 81
60 90 62
61 84 86
61 86 53
62 72 10
62 80 7
62 84 26
62 89 78
62 94 56
63 68 80
63 87 99
63 88 26
64 89 26
64 93 66
64 96 45
64 98 13
65 66 40
65 80 39
65 83 65
66 69 99
66 93 88
67 72 47
68 73 40
68 76 69
69 74 20
69 80 96
70 76 83
70 98 22
71 75 12
72 84 37
73 94 23
73 99 28
74 89 33
74 95 54
77 97 4
79 82 63
79 83 91
79 84 46
79 96 12
79 99 23
79 100 40
81 84 55
81 87 54
81 88 71
81 92 51
81 93 99
82 84 49
84 92 29
84 96 23
85 95 81
87 94 13
87 99 35
88 92 64
88 93 43
91 99 42
96 100 30
9 33 7
9 29 95
9 12 7
94 29 95
81 50 54
9 38 95
9 33 44
9 12 79
75 71 50
1 94 87
64 60 49
29 95 54
33 7 54
41 49 54
46 7 54
33 16 71
23 71 50
21 23 7
1 80 62
38 84 62
9 39 51
16 61 50
23 7 54
33 18 51
39 1 12
63 7 54
38 84 72
61 50 54
11 49 54
18 64 89
79 12 7
22 74 49
11 10 97
25 97 50
48 57 54
81 50 95
74 49 54
22 74 95
17 62 27
46 22 74
73 7 54
33 85 95
46 49 54
74 95 54
21 23 57
1 80 2
84 96 79
37 85 95
33 18 4
11 10 5
51 2 80
29 87 57
42 71 50
38 84 60
5 27 54
9 12 11
81 50 71
2 80 62
20 69 74
79 7 54
1 12 7
33 85 57
74 7 54
71 23 57
46 22 65
38 21 60
16 31 85
18 92 84
94 87 57
16 71 50
85 57 54
18 92 27
9 39 80
9 38 84
9 33 16
56 23 57
37 87 57
92 32 7
62 27 54
33 18 23
47 87 57
96 84 38
39 15 13
64 98 15
9 33 18
37 34 97
9 81 84
9 12 1
33 48 57
72 49 54
87 57 54
50 95 54
12 7 54
87 37 48
60 49 54
85 37 48
3 71 50
38 6 96
51 18 33
97 50 54
9 33 89
9 29 87
37 55 27
67 44 49
85 95 54
97 25 50
71 3 50
13 15 74
9 51 18
39 91 57
32 7 54
9 81 92
94 87 29
38 95 54
21 23 41
51 2 58
68 4 53
9 12 13
24 83 11
9 33 48
82 58 69
66 65 55
33 85 37
11 50 54
33 8 22
38 21 44
81 88 57
9 12 99
94 87 47
2 14 53
65 22 74
9 29 94
38 21 23
81 87 29
71 23 41
44 49 54
39 15 74
51 59 88
81 50 97
20 87 29
58 69 74
9 81 50
23 57 54
41 49 74
95 50 54
69 74 54
51 75 71
9 38 6
70 24 83
55 28 27
38 56 74
98 64 89
32 92 27
45 63 88
45 63 7
9 12 78
56 23 41
70 98 64
9 38 21
51 66 11
12 20 67
80 65 55
34 96 55
58 4 53
9 38 37
64 89 74
23 7 74
51 59 40
75 53 49
24 34 14
53 49 54
91 57 54
61 19 22
55 27 54
51 2 14
22 74 54
59 88 57
20 67 57
25 50 54
38 70 24
16 33 7
88 57 54
16 31 92
15 74 54
9 81 88
46 84 57
23 56 74
92 27 54
61 40 57
81 87 37
2 17 62
17 62 84
82 84 57
12 20 87
44 33 7
9 38 86
62 72 49
9 29 64
33 8 41
39 91 59
9 33 82
81 87 36
9 51 2
87 37 34
53 89 74
20 18 33
9 39 15
84 57 54
29 95 74
34 28 27
67 57 54
16 33 89
23 21 60
23 21 3
9 38 56
28 27 54
62 89 74
65 22 46
89 74 54
75 33 7
72 49 74
7 74 54
9 33 75
44 49 74
9 33 85
3 50 54
53 89 40
60 49 74
91 59 40
31 64 89
51 66 65
40 57 54
49 74 54
9 12 20
9 33 8
51 75 45
9 51 20
9 81 87
70 76 35
9 39 1
13 35 5
38 70 76
95 74 54
100 5 56
80 62 27
51 17 42
16 62 27
91 45 63
