1.25000000
39.20000000
632.95416667
328.12500000
637.22222222
864.95555556
615.36428571
0.27857143
45.87916667
2295.79166667
465.54750000
154.32750000
279.19444444
2660.52777778
4617.22222222
554.42307692
219.37500000
737.34375000
2976.00000000
142.40625000
119.04000000
2780.90666667
2650.85526316
592.38947368
711.78750000
2440.97222222
7946.40000000
7413.83522727
545.07619048
1013.57142857
4375.89600000
1609.94400000
4441.90104167
5064.60937500
47.73214286
5.30357143
1370.31481482
6788.83333333
10413.29032258
8978.80645161
1716.08250000
4426.51583333
13366.32295396
6452.54338235
4143.54393939
4666.44848485
14668.62551351
12232.62972973
8673.21111111
14197.13125000
8388.02250000
2226.02250000
5690.02564103
11092.41025641
467.00581396
2.07558139
2.17559524
3480.95238095
16845.13858696
15703.43478261
6288.30222222
18560.14967742
13008.29387755
1149.74693878
2227.96875000
7488.45052084
426.80625000
22.72932693
15164.83137255
16803.13725490
4497.43909091
323.73000000
1468.21990741
3208.43518518
6509.79310344
138.44612069
16019.70175439
21136.29385964
11437.47540984
1074.12295082
76.88541667
372.12541667
20002.50000000
3200.40000000
5421.89206349
20129.70158731
8519.24552239
8188.43283582
2838.69356061
23252.98446969
1236.55392857
13.70142857
1018.82971015
4318.56884057
2059.39726028
3.57534245
1470.13888888
27182.86805556
