0.02000512
101.04288288
182.00314665
19.20078362
15.55263474
8.36386135
0.76803134
21.32093521
53.55661049
141.99573140
62.75593356
47.06225662
14.08874191
2.13861827
0.00237624
1.58854054
5.49368340
12.99512484
15.02492664
0.09081081
251.68445536
264.14571663
293.89425696
239.28873311
231.69441657
73.79811189
0.03558762
30.69019757
52.31912657
81.01824166
118.37967850
380.35667197
331.96656165
329.76092012
312.89955864
310.75388108
133.78113495
27.00350151
6.36238797
129.75905988
112.64454500
59.25699589
88.98915929
42.65160889
27.95082759
24.75921060
0.75501390
4.45304116
71.24865850
146.15627970
199.77829200
227.12589723
109.18598544
36.21934191
21.40421672
29.03567170
247.49433814
207.07274775
190.94058848
178.42969142
65.13342342
172.78090986
36.03260763
26.12711949
29.99286677
100.80935774
290.67979406
158.52533829
156.05288755
155.54784308
35.15493392
3.62108108
0.25307860
18.39602395
27.56417245
53.51734157
15.59149570
5.18947712
0.09225737
20.86883559
21.99437205
23.75848272
29.94496398
170.67333180
288.23896294
38.68082396
6.55834039
4.05753968
104.44795242
105.71736814
97.03629505
88.11373874
83.69932432
81.39662162
71.29279279
45.72671171
14.54336712
7.02309685
6.68468468
3.04570946
