289.69013463
0.00732611
0.00680007
269.28943000
268.83828065
0.00704255
0.00565041
215.94050026
212.85894401
0.00540471
0.00491305
194.56162578
193.01297875
0.00490692
0.00436334
172.79280616
171.56004630
0.00421655
0.00284117
112.51325637
117.60603858
0.00303819
0.00245029
97.03376135
97.27818146
0.00245646
0.00334974
128.85532919
130.39933502
0.00331839
0.00417466
162.71353338
164.53623450
0.00418060
0.00503590
197.35415231
199.27167685
0.00503243
0.00592184
233.80815543
233.95475116
0.00590780
0.00674492
266.82376726
267.23666308
0.00674823
0.00763701
302.01122791
