6.94004015
6.35245308
0.90231430
0.16426131
0.02710953
0.00786016
0.00064165
15.90599248
34.89739168
51.36634350
119.10325929
184.81061418
187.88243882
43.37372587
53.90295051
91.24972812
86.83041351
75.57153463
73.97643572
72.78360773
8.03184844
5.00599972
2.15134383
1.36521647
0.03955358
0.40496382
17.99295617
25.63884617
59.95997055
55.11833950
51.81941315
26.64457379
9.05896645
6.85457262
5.23623221
3.51929542
0.86059331
1.62171233
7.22763151
11.17461154
21.11046448
22.90742132
23.90624357
5.58221254
3.55977645
0.22651284
0.56047252
5.23893709
9.19338400
10.73090514
52.37361742
2.54668553
1.93554798
27.07714395
108.11327393
99.71031156
98.07640882
96.37892718
96.16274093
3.14573733
46.25925647
54.22036526
53.12950248
46.91429432
40.41541976
23.44855385
22.44013306
2.17198325
90.32870164
2.64112072
10.06740122
80.64401750
81.35971367
82.07850825
33.78717540
33.23555731
21.13911745
6.74256636
5.56214905
154.22886580
96.46699116
45.97088790
31.09429259
30.39161940
4.11164200
8.23059587
11.85205805
69.21931124
146.25069063
113.28453967
70.40062599
0.00004197
10.22625551
63.56815704
5.71103355
1.38279245
