54.47246468
51.34752468
19.24889271
16.44739791
8.48332317
3.39822271
2.22957392
0.17976598
29.46399979
43.57167717
24.31260372
2.04924131
0.10119710
0.25699584
0.62743126
9.25185033
14.21608642
39.75504826
48.14756874
58.79181451
111.32035925
97.59405071
82.03818810
0.06829264
6.27201520
6.82926419
14.47812100
40.89554620
47.24564528
55.39712107
106.20398724
116.59044976
140.33297962
143.29413180
242.51559494
192.45267027
113.94985433
51.47092052
48.85128764
1.96832367
0.40500315
0.31818688
9.32679984
0.48390493
5.33379369
7.74247886
20.57099208
22.37576390
32.85598329
51.93732244
55.60958016
69.04689077
38.32324299
7.43891960
1.58462193
0.00275108
0.31204441
0.67124220
28.12769007
36.98050410
53.48426745
83.29967960
129.74130260
143.86397001
149.62172926
199.19113480
172.30464177
169.27036410
2.81814411
3.12676220
0.13720851
4.02569931
4.73242959
6.50462603
9.16964397
10.42050827
11.12784500
14.02947931
15.73785402
35.07397519
40.00316721
67.99162771
113.11521291
115.16989214
144.83096537
110.44902883
56.39512053
34.47882809
1.63838033
0.08090767
16.51634258
26.84166695
81.20859244
63.67157670
