1.47054289
2.00157226
92.16423302
144.61359599
8.02535016
52.86583303
46.65106945
27.40306040
0.15907445
2.33915442
181.14411778
180.34513393
139.04111962
73.80844411
29.00042527
25.44091914
21.77492840
2.19253853
0.53219124
0.74863679
1.47144114
2.48941160
2.76428592
13.39806663
20.53187048
21.19884166
21.64904015
8.15857089
7.55623550
5.37438634
0.63904713
85.80633717
154.19659462
190.32386870
225.82403649
241.17881876
7.63727970
9.97522246
211.93549904
203.67823355
176.34906306
173.49491089
168.71059032
118.30411087
37.58454663
35.37785725
22.17310885
21.52083943
2.29849339
2.14781438
0.01021553
0.00134447
1.05406686
3.16253668
10.05968333
14.40233121
29.76134681
28.01960345
25.05283716
24.87292509
18.67195565
14.15989053
13.49048796
13.09662639
9.92758059
6.90992025
5.14645778
4.82488521
3.99404801
0.15889385
8.74026518
60.95440013
73.48184255
94.84279979
95.79353920
168.10982696
172.43844520
187.88590112
193.04676275
216.22683860
229.43009320
147.69412480
2.97840056
13.79210708
165.26984088
185.19801392
4.86403182
36.32987244
31.06621781
41.19340544
72.41012091
7.79284459
12.72350243
152.30732728
0.56236800
