199.39605884
193.83403507
184.28842780
182.73907087
180.03134098
74.57610489
74.02235850
40.11764474
8.58529509
0.18169532
16.67490994
41.13529719
45.92657302
65.89411335
62.20767325
59.47787919
55.84683648
32.02339239
47.11237368
10.50861294
64.15579464
69.36035836
74.90293036
80.90414796
81.66013978
26.00224168
121.18721170
85.68841915
21.35907237
23.25675933
54.19998282
69.83871035
78.31886663
98.59804237
61.09245281
56.74757389
126.67576496
123.23687352
119.40007336
108.05553220
36.64020909
4.43875174
5.09550582
50.46748081
7.55676589
4.54207327
0.46174406
9.16820280
71.69647122
39.30722178
38.99391191
1.11924806
6.09368390
13.27898012
22.66477330
99.68145392
66.43516861
34.19087836
8.63744257
19.43424577
32.12599811
87.64975511
121.31466942
175.62660878
174.95178629
173.61677994
164.46102382
159.97167228
114.72059314
65.32110101
48.65656188
40.45635491
3.06196878
1.17219347
0.31908480
12.64398330
17.86549194
47.52901892
7.28704380
36.53896630
