1.47932117
6.17176273
10.29698608
11.14413016
14.08000341
15.26935352
58.25621736
55.69420007
49.35789388
8.28939867
6.46803357
2.21280892
0.33157595
149.30161258
155.76409559
178.69575141
3.86836562
1.30833545
118.10753775
171.26421946
53.92910598
169.64976838
135.61477248
69.19121045
26.55526552
6.65816698
150.22489241
161.73231111
42.67045767
32.59117790
28.15703136
24.77015230
23.86785504
22.45899906
10.02035424
7.03925784
5.48543165
2.83378256
2.77251340
0.50923715
0.32174681
0.00133922
0.00813098
2.21365965
2.63443793
4.68344521
23.70994139
26.41755815
43.32999920
51.77548744
93.76837996
81.36326965
78.08673616
13.58825467
0.27542765
0.09372191
0.00642877
86.07493049
117.79877317
193.05905094
212.49081897
210.96064602
190.30568432
174.88730823
1.09489218
0.34198499
0.66198986
35.05587807
0.08906773
2.22669332
70.58290260
97.16916522
102.54094725
56.24736589
37.66133218
58.84583154
77.20962161
147.81438025
54.95796988
53.74959769
47.88194019
21.63056524
1.34112493
80.74428381
79.30183734
26.04471900
309.57547067
309.67051054
53.55809559
47.78685154
0.99282925
71.54617554
123.50613882
91.50259556
26.41419791
22.69012599
17.11187479
12.76319587
8.67771612
8.31237995
