0.18698665
1.35800330
4.64302730
5.19550006
7.35376970
7.75664240
7.87959914
9.11802983
12.17083800
13.32187217
14.97526173
15.31754238
18.82565042
21.93351786
23.11608353
28.40726530
28.68909599
29.39216821
20.57527119
15.55786102
13.84884910
10.50552653
5.60082997
4.06041056
1.67644040
1.44108732
0.79524492
0.03242446
0.31186580
0.91938794
1.20083323
1.36792402
1.99354304
9.40160491
11.72688701
15.44662782
34.65157864
36.23122651
42.65314087
55.33645229
56.65091496
59.96381942
75.41855535
72.63810600
72.21741482
68.53199348
65.49968479
39.65727903
17.74979881
2.69246256
