29762.04117063
19053.00000000
2606.42465753
9299.46575342
7138.85869565
3839.11956522
9621.82821429
28588.16703647
26736.37537879
759.46022727
14703.15000000
21489.72313433
19123.37777778
2712.55873016
253.15664063
14879.98476563
20679.10166667
13805.54541667
3856.13114754
22006.13114754
22654.59649123
5160.47368421
5721.49784483
15472.06034483
14790.44212963
6938.65740741
385.26545455
601.97727273
15973.48235294
12864.90196078
3841.25625000
10023.63317308
4161.35052083
3388.98802083
19696.36413111
19806.93333333
11071.97000000
2234.85888889
569.73913043
1077.16304348
9766.24702381
4805.88988095
168.12209302
2841.47093023
5268.69230769
4667.07692308
94.35562500
556.50562500
1920.71111111
316.99236111
2052.68108108
7734.84324324
3812.19848485
1166.61212121
11745.93750000
13581.20274936
13047.21666667
5673.00000000
249.41129032
377.80645161
3285.33333333
22.81481481
896.30357143
8066.73214286
6252.60416667
2583.98437500
8901.14400000
9772.35105882
648.68571428
450.47619048
3571.98068182
8128.02613636
5789.00972222
4253.15000000
2369.55789474
7166.03927125
558.82666667
186.00000000
1049.15625000
4766.97656250
5185.13888889
4747.37268519
230.76923077
2667.69230769
1837.19444444
232.75000000
1026.42750000
1068.75000000
1911.37916667
109.57916667
1827.70714286
2270.16000000
1339.26666667
823.88888889
672.06666667
1024.25416667
320.00000000
9.80000000
